"#  P.Moller et al., PRC91(2015)024310"			
#Z	A	Ea	Eb
51	171	42.476	x
51	172	43.344	x
52	171	41.243	x
52	172	41.732	x
52	173	42.632	x
52	174	43.121	x
52	175	43.867	x
52	176	44.375	x
53	171	40.353	x
53	172	41.419	x
53	173	41.758	x
53	174	42.432	x
53	175	42.683	x
53	176	43.556	x
53	177	43.981	x
53	178	45.53	x
53	179	45.868	x
54	171	38.874	x
54	172	39.499	x
54	173	40.398	x
54	174	40.767	x
54	175	41.43	x
54	176	41.72	x
54	177	42.508	x
54	178	42.937	x
54	179	44.481	x
54	180	44.726	x
54	181	43.463	x
54	182	42.039	x
55	171	38.228	x
55	172	38.95	x
55	173	39.343	x
55	174	40.135	x
55	175	40.445	x
55	176	41.337	x
55	177	41.472	x
55	178	42.307	x
55	179	42.706	x
55	180	44.237	x
55	181	44.505	x
55	182	43.335	x
55	183	42.122	x
55	184	40.773	x
55	185	39.262	x
56	171	36.708	x
56	172	37.217	x
56	173	37.848	x
56	174	38.288	x
56	175	39.144	x
56	176	39.321	x
56	177	40.199	x
56	178	40.389	x
56	179	41.294	x
56	180	41.75	x
56	181	43.233	x
56	182	43.36	x
56	183	42.272	x
56	184	41.253	x
56	185	39.852	x
56	186	38.403	x
56	187	37.679	x
56	188	36.737	x
56	189	36.605	x
57	171	35.639	x
57	172	36.244	x
57	173	36.807	x
57	174	37.358	x
57	175	37.788	x
57	176	38.611	x
57	177	39.04	x
57	178	39.794	x
57	179	40.178	x
57	180	41.013	x
57	181	41.5	x
57	182	42.901	x
57	183	43.203	x
57	184	42.196	x
57	185	40.937	x
57	186	39.769	x
57	187	38.414	x
57	188	37.789	x
57	189	36.975	x
57	190	36.609	x
57	191	35.394	x
57	192	34.277	x
58	171	34.224	x
58	172	34.489	x
58	173	35.202	x
58	174	35.469	x
58	175	36.406	x
58	176	36.761	x
58	177	37.42	x
58	178	37.806	x
58	179	38.624	x
58	180	39.048	x
58	181	39.939	x
58	182	40.588	x
58	183	41.886	x
58	184	42.237	x
58	185	41.23	x
58	186	40.173	x
58	187	38.832	x
58	188	37.534	x
58	189	36.931	x
58	190	36.192	x
58	191	35.722	x
58	192	35.009	x
58	193	34.016	x
58	194	33.09	x
58	195	32.254	x
59	171	33.381	x
59	172	33.745	x
59	173	33.912	x
59	174	34.322	x
59	175	34.611	x
59	176	35.616	x
59	177	36.087	x
59	178	36.765	x
59	179	37.188	x
59	180	38.033	x
59	181	38.503	x
59	182	39.574	x
59	183	40.127	x
59	184	41.465	x
59	185	41.878	x
59	186	40.918	x
59	187	39.729	x
59	188	38.623	x
59	189	37.406	x
59	190	36.979	x
59	191	36.046	x
59	192	35.474	x
59	193	34.503	x
59	194	34.106	x
59	195	33.15	x
59	196	32.539	x
59	197	31.961	x
59	198	31.331	x
60	171	32.652	x
60	172	32.729	x
60	173	32.984	x
60	174	33.239	x
60	175	33.5	x
60	176	33.728	x
60	177	34.544	x
60	178	35.101	x
60	179	35.831	x
60	180	36.017	x
60	181	36.889	x
60	182	37.439	x
60	183	38.507	x
60	184	39.109	x
60	185	40.471	x
60	186	40.857	x
60	187	39.833	x
60	188	38.859	x
60	189	37.605	x
60	190	36.512	x
60	191	35.968	x
60	192	35.021	x
60	193	34.457	x
60	194	33.428	x
60	195	32.648	x
60	196	31.852	x
60	197	32.094	x
60	198	31.608	x
60	199	30.937	x
60	200	30.759	x
60	201	30.585	x
61	171	32.331	x
61	172	32.246	x
61	173	32.252	x
61	174	32.537	x
61	175	32.619	x
61	176	32.908	x
61	177	33.095	x
61	178	33.844	x
61	179	34.27	x
61	180	35.043	x
61	181	35.277	x
61	182	36.403	x
61	183	36.831	x
61	184	37.961	x
61	185	38.614	x
61	186	40.005	x
61	187	40.357	x
61	188	39.422	x
61	189	38.441	x
61	190	37.315	x
61	191	36.275	x
61	192	35.868	x
61	193	34.871	x
61	194	34.232	x
61	195	33.146	x
61	196	32.478	x
61	197	31.89	x
61	198	31.819	x
61	199	31.433	x
61	200	31.146	x
61	201	30.91	x
61	202	30.783	x
61	203	30.739	x
61	204	30.854	x
61	205	30.547	x
62	171	32.27	x
62	172	32.186	x
62	173	31.959	x
62	174	32.036	x
62	175	32.145	x
62	176	32.074	x
62	177	32.502	x
62	178	32.588	x
62	179	33.131	x
62	180	33.701	x
62	181	34.113	x
62	182	34.468	x
62	183	35.411	x
62	184	35.939	x
62	185	36.972	x
62	186	37.623	x
62	187	38.935	x
62	188	39.361	x
62	189	38.367	x
62	190	37.424	x
62	191	36.23	x
62	192	35.282	x
62	193	34.847	x
62	194	33.806	x
62	195	33.158	x
62	196	32.066	x
62	197	31.436	x
62	198	30.998	x
62	199	30.935	x
62	200	30.662	x
62	201	30.518	x
62	202	30.259	x
62	203	30.292	x
62	204	30.334	x
62	205	30.33	x
62	206	30.234	x
62	207	29.957	x
62	208	29.629	x
63	171	32.514	x
63	172	32.609	x
63	173	31.959	x
63	174	31.871	x
63	175	31.621	x
63	176	31.803	x
63	177	31.675	x
63	178	31.976	x
63	179	32.15	x
63	180	32.664	x
63	181	33.006	x
63	182	33.618	x
63	183	34.065	x
63	184	34.931	x
63	185	35.361	x
63	186	36.329	x
63	187	36.899	x
63	188	38.365	x
63	189	38.731	x
63	190	37.746	x
63	191	36.778	x
63	192	35.839	x
63	193	34.824	x
63	194	34.645	x
63	195	33.466	x
63	196	32.851	x
63	197	31.748	x
63	198	31.286	x
63	199	30.834	x
63	200	30.834	x
63	201	30.553	x
63	202	30.501	x
63	203	30.254	x
63	204	30.343	x
63	205	30.368	x
63	206	30.394	x
63	207	30.239	x
63	208	30.044	x
63	209	29.704	x
63	210	29.562	x
63	211	29.366	x
64	171	32.852	x
64	172	32.488	x
64	173	32.326	x
64	174	31.924	x
64	175	31.706	x
64	176	31.469	x
64	177	31.3	x
64	178	31.267	x
64	179	31.724	x
64	180	31.657	x
64	181	32.197	x
64	182	32.593	x
64	183	33.056	x
64	184	33.532	x
64	185	34.133	x
64	186	34.524	x
64	187	35.371	x
64	188	35.913	x
64	189	37.254	x
64	190	37.697	x
64	191	36.641	x
64	192	35.743	x
64	193	34.773	x
64	194	33.841	x
64	195	33.45	x
64	196	32.426	x
64	197	31.797	x
64	198	30.826	x
64	199	30.353	x
64	200	30	x
64	201	29.98	x
64	202	29.816	x
64	203	29.615	x
64	204	29.604	x
64	205	29.446	x
64	206	29.604	x
64	207	29.581	x
64	208	29.577	x
64	209	29.495	x
64	210	29.124	x
64	211	28.997	x
64	212	28.745	x
64	213	28.851	x
64	214	28.688	x
65	171	33.013	x
65	172	32.8	x
65	173	32.596	x
65	174	32.169	x
65	175	31.844	x
65	176	31.405	x
65	177	30.949	x
65	178	30.988	x
65	179	30.906	x
65	180	31.309	x
65	181	31.43	x
65	182	31.923	x
65	183	32.076	x
65	184	32.51	x
65	185	32.939	x
65	186	33.675	x
65	187	33.931	x
65	188	34.784	x
65	189	35.249	x
65	190	36.387	x
65	191	36.97	x
65	192	35.86	x
65	193	34.898	x
65	194	34.118	x
65	195	32.991	x
65	196	32.725	x
65	197	31.765	x
65	198	31.19	x
65	199	30.315	x
65	200	29.994	x
65	201	29.626	x
65	202	29.827	x
65	203	29.597	x
65	204	29.547	x
65	205	29.491	x
65	206	29.395	x
65	207	29.455	x
65	208	29.596	x
65	209	29.548	x
65	210	29.572	x
65	211	29.16	x
65	212	29.074	x
65	213	28.689	x
65	214	28.983	x
65	215	28.72	x
65	216	28.621	x
65	217	28.305	x
65	218	27.838	x
66	171	32.573	x
66	172	31.839	x
66	173	32.345	x
66	174	32.386	x
66	175	31.983	x
66	176	31.553	x
66	177	31.186	x
66	178	30.851	x
66	179	30.649	x
66	180	30.602	x
66	181	31.049	x
66	182	31.008	x
66	183	31.427	x
66	184	31.575	x
66	185	31.994	x
66	186	32.394	x
66	187	32.985	x
66	188	33.147	x
66	189	33.859	x
66	190	34.368	x
66	191	35.513	x
66	192	36.046	x
66	193	34.882	x
66	194	34.059	x
66	195	33.15	x
66	196	32.075	x
66	197	31.549	x
66	198	30.567	x
66	199	29.985	x
66	200	29.217	x
66	201	28.88	x
66	202	28.604	x
66	203	28.794	x
66	204	28.635	x
66	205	28.553	x
66	206	28.457	x
66	207	28.431	x
66	208	28.473	x
66	209	28.654	x
66	210	28.651	x
66	211	28.73	x
66	212	28.54	x
66	213	28.275	x
66	214	28.201	x
66	215	28.214	x
66	216	28.126	x
66	217	28.016	x
66	218	27.617	x
66	219	27.283	x
66	220	26.844	x
66	221	26.529	x
67	171	31.25	x
67	172	31.493	x
67	173	31.149	x
67	174	31.573	x
67	175	31.395	x
67	176	31.713	x
67	177	31.3	x
67	178	30.914	x
67	179	30.424	x
67	180	30.365	x
67	181	30.278	x
67	182	30.613	x
67	183	30.551	x
67	184	31.089	x
67	185	31.044	x
67	186	31.428	x
67	187	31.805	x
67	188	32.431	x
67	189	32.56	x
67	190	33.435	x
67	191	33.683	x
67	192	34.821	x
67	193	35.31	x
67	194	34.278	x
67	195	33.321	x
67	196	32.303	x
67	197	31.218	x
67	198	30.663	x
67	199	29.73	x
67	200	29.286	x
67	201	28.558	x
67	202	28.432	x
67	203	28.189	x
67	204	28.437	x
67	205	28.226	x
67	206	28.582	x
67	207	28.41	x
67	208	28.257	x
67	209	28.252	x
67	210	28.472	x
67	211	28.466	x
67	212	28.561	x
67	213	28.427	x
67	214	28.192	x
67	215	28.105	x
67	216	28.105	x
67	217	28.04	x
67	218	27.99	x
67	219	27.535	x
67	220	27.261	x
67	221	26.788	x
67	222	26.525	x
67	223	26.093	x
67	224	25.732	x
68	171	32.342	x
68	172	31.211	x
68	173	31.273	x
68	174	31.018	x
68	175	30.509	x
68	176	30.367	x
68	177	30.274	x
68	178	30.101	x
68	179	29.799	x
68	180	29.362	x
68	181	29.598	x
68	182	29.879	x
68	183	29.848	x
68	184	30.037	x
68	185	30.281	x
68	186	30.44	x
68	187	30.897	x
68	188	31.348	x
68	189	31.735	x
68	190	31.804	x
68	191	32.546	x
68	192	32.978	x
68	193	34.149	x
68	194	34.513	x
68	195	33.458	x
68	196	32.719	x
68	197	31.549	x
68	198	30.324	x
68	199	29.564	x
68	200	28.59	x
68	201	28.067	x
68	202	27.424	x
68	203	27.232	x
68	204	27.048	x
68	205	27.231	x
68	206	27.044	x
68	207	27.307	x
68	208	27.253	x
68	209	27.207	x
68	210	27.236	x
68	211	27.286	x
68	212	27.42	x
68	213	27.498	x
68	214	27.552	x
68	215	27.306	x
68	216	27.189	x
68	217	27.232	x
68	218	27.197	x
68	219	27.081	x
68	220	26.76	x
68	221	26.485	x
68	222	26.142	x
68	223	26	x
68	224	25.644	x
68	225	25.336	x
68	226	24.798	x
68	227	24.505	x
69	171	30.807	x
69	172	31.282	x
69	173	31.018	x
69	174	31.349	x
69	175	31.091	x
69	176	30.867	x
69	177	30.402	x
69	178	30.165	x
69	179	30.01	x
69	180	29.538	x
69	181	29.038	x
69	182	29.026	x
69	183	29.017	x
69	184	29.046	x
69	185	29.163	x
69	186	29.345	x
69	187	29.552	x
69	188	30.005	x
69	189	30.746	x
69	190	31.095	x
69	191	31.184	x
69	192	31.927	x
69	193	32.448	x
69	194	33.606	x
69	195	34.019	x
69	196	32.841	x
69	197	32.023	x
69	198	30.82	x
69	199	29.499	x
69	200	28.757	x
69	201	27.856	x
69	202	27.405	x
69	203	26.738	x
69	204	26.594	x
69	205	26.346	x
69	206	26.567	x
69	207	26.469	x
69	208	26.781	x
69	209	26.593	x
69	210	27.071	x
69	211	26.982	x
69	212	27.069	x
69	213	27.142	x
69	214	27.195	x
69	215	27.333	x
69	216	27.147	x
69	217	26.963	x
69	218	27.043	x
69	219	26.884	x
69	220	26.84	x
69	221	26.496	x
69	222	26.382	x
69	223	26.048	x
69	224	25.929	x
69	225	25.572	x
69	226	25.412	x
69	227	24.779	x
69	228	24.635	x
69	229	24.191	x
69	230	24.016	x
70	171	28.598	x
70	172	29.2	x
70	173	29.885	x
70	174	29.84	x
70	175	30.219	x
70	176	30.194	x
70	177	30.474	x
70	178	30.355	x
70	179	30.069	x
70	180	29.818	x
70	181	29.453	x
70	182	28.914	x
70	183	28.541	x
70	184	28.441	x
70	185	28.475	x
70	186	28.339	x
70	187	28.554	x
70	188	28.71	x
70	189	29.085	x
70	190	29.907	x
70	191	30.478	x
70	192	30.696	x
70	193	31.42	x
70	194	31.938	x
70	195	32.926	x
70	196	33.363	x
70	197	32.301	x
70	198	31.368	x
70	199	29.979	x
70	200	28.774	x
70	201	27.697	x
70	202	26.78	x
70	203	26.222	x
70	204	25.69	x
70	205	25.391	x
70	206	25.159	x
70	207	25.262	x
70	208	25.196	x
70	209	25.55	x
70	210	25.293	x
70	211	25.671	x
70	212	25.672	x
70	213	25.775	x
70	214	25.88	x
70	215	25.928	x
70	216	26.081	x
70	217	26.043	x
70	218	25.861	x
70	219	26.044	x
70	220	25.868	x
70	221	25.885	x
70	222	25.677	x
70	223	25.531	x
70	224	25.32	x
70	225	25.193	x
70	226	24.802	x
70	227	24.635	x
70	228	24.117	x
70	229	24.023	x
70	230	23.662	x
70	231	23.577	x
70	232	23.324	x
70	233	23.073	x
70	234	22.382	x
71	171	26.54	x
71	172	27.276	x
71	173	27.649	x
71	174	28.425	x
71	175	28.924	x
71	176	29.423	x
71	177	29.539	x
71	178	29.859	x
71	179	29.924	x
71	180	29.892	x
71	181	29.504	x
71	182	29.253	x
71	183	28.622	x
71	184	28.226	x
71	185	27.995	x
71	186	27.904	x
71	187	27.683	x
71	188	27.998	x
71	189	28.259	x
71	190	28.441	x
71	191	29.431	x
71	192	29.908	x
71	193	30.091	x
71	194	30.824	x
71	195	31.258	x
71	196	32.246	x
71	197	32.574	x
71	198	31.674	x
71	199	30.75	x
71	200	29.36	x
71	201	28.104	x
71	202	26.982	x
71	203	26.046	x
71	204	25.53	x
71	205	24.987	x
71	206	24.73	x
71	207	24.356	x
71	208	24.527	x
71	209	24.354	x
71	210	24.617	x
71	211	24.585	x
71	212	25.107	x
71	213	25.054	x
71	214	25.445	x
71	215	25.457	x
71	216	25.626	x
71	217	25.626	x
71	218	25.691	x
71	219	25.514	x
71	220	25.682	x
71	221	25.505	x
71	222	25.633	x
71	223	25.486	x
71	224	25.346	x
71	225	25.093	x
71	226	25.028	x
71	227	24.587	x
71	228	24.5	x
71	229	23.946	x
71	230	23.937	x
71	231	23.602	x
71	232	23.599	x
71	233	23.37	x
71	234	23.184	x
71	235	22.442	x
71	236	22.023	x
71	237	21.347	x
72	171	24.264	x
72	172	24.649	x
72	173	25.298	x
72	174	25.837	x
72	175	26.517	x
72	176	27.091	x
72	177	27.594	x
72	178	28.207	x
72	179	28.925	x
72	180	28.719	x
72	181	28.928	x
72	182	28.645	x
72	183	28.75	x
72	184	28.071	x
72	185	27.644	x
72	186	27.244	x
72	187	26.975	x
72	188	26.901	x
72	189	27.007	x
72	190	27.438	x
72	191	27.706	x
72	192	28.612	x
72	193	29.303	x
72	194	29.613	x
72	195	30.322	x
72	196	30.799	x
72	197	31.645	x
72	198	32.028	x
72	199	31.122	x
72	200	30.194	x
72	201	28.928	x
72	202	27.704	x
72	203	26.168	x
72	204	25.035	x
72	205	24.443	x
72	206	23.933	x
72	207	23.534	x
72	208	23.119	x
72	209	23.079	x
72	210	22.903	x
72	211	23.314	x
72	212	23.245	x
72	213	23.709	x
72	214	23.707	x
72	215	24.217	x
72	216	24.073	x
72	217	24.251	x
72	218	24.227	x
72	219	24.428	x
72	220	24.288	x
72	221	24.494	x
72	222	24.405	x
72	223	24.457	x
72	224	24.437	x
72	225	24.297	x
72	226	24.108	x
72	227	24.076	x
72	228	23.653	x
72	229	23.563	x
72	230	23.176	x
72	231	23.095	x
72	232	22.828	x
72	233	22.805	x
72	234	22.655	x
72	235	22.388	x
72	236	22.032	x
72	237	21.574	x
72	238	20.94	x
72	239	20.739	x
72	240	20.04	x
73	171	21.956	x
73	172	22.759	x
73	173	23.141	x
73	174	23.931	x
73	175	24.413	x
73	176	25.171	x
73	177	25.419	x
73	178	26.203	x
73	179	26.622	x
73	180	27.26	x
73	181	27.366	x
73	182	27.578	x
73	183	27.62	x
73	184	28.002	x
73	185	27.789	x
73	186	27.721	x
73	187	27.139	x
73	188	26.836	x
73	189	26.661	x
73	190	26.908	x
73	191	27.095	x
73	192	27.475	x
73	193	27.794	x
73	194	28.701	x
73	195	29.029	x
73	196	29.798	x
73	197	30.191	x
73	198	31.071	x
73	199	31.354	x
73	200	30.553	x
73	201	29.636	x
73	202	28.478	x
73	203	27.059	x
73	204	25.865	x
73	205	24.553	x
73	206	23.906	x
73	207	23.28	x
73	208	23.127	x
73	209	22.603	x
73	210	22.748	x
73	211	22.702	x
73	212	22.509	x
73	213	22.778	x
73	214	23.187	x
73	215	23.243	x
73	216	23.694	x
73	217	23.462	x
73	218	23.65	x
73	219	23.713	x
73	220	23.917	x
73	221	23.782	x
73	222	23.898	x
73	223	23.898	x
73	224	24.017	x
73	225	23.981	x
73	226	23.937	x
73	227	23.692	x
73	228	23.643	x
73	229	23.256	x
73	230	23.203	x
73	231	22.747	x
73	232	22.834	x
73	233	22.528	x
73	234	22.588	x
73	235	22.46	x
73	236	22.268	x
73	237	21.914	x
73	238	21.551	x
73	239	20.938	x
73	240	20.774	x
73	241	20.121	x
73	242	19.952	x
73	243	19.48	x
74	171	19.818	x
74	172	20.034	x
74	173	20.713	x
74	174	21.16	x
74	175	21.797	x
74	176	22.251	x
74	177	22.971	x
74	178	23.472	x
74	179	24.138	x
74	180	24.573	x
74	181	25.13	x
74	182	25.26	x
74	183	25.576	x
74	184	25.436	x
74	185	25.707	x
74	186	25.853	x
74	187	26.361	x
74	188	26.714	x
74	189	26.402	x
74	190	26.434	x
74	191	26.545	x
74	192	26.865	x
74	193	27.013	x
74	194	27.443	x
74	195	27.99	x
74	196	28.446	x
74	197	29.183	x
74	198	29.63	x
74	199	30.693	x
74	200	30.961	x
74	201	30.054	x
74	202	29.283	x
74	203	28.08	x
74	204	26.83	x
74	205	25.256	x
74	206	24.088	x
74	207	23.141	x
74	208	22.79	x
74	209	22.416	x
74	210	21.833	x
74	211	21.952	x
74	212	21.766	x
74	213	21.826	x
74	214	21.61	x
74	215	22.07	x
74	216	22.078	x
74	217	22.493	x
74	218	22.266	x
74	219	22.162	x
74	220	22.398	x
74	221	22.459	x
74	222	22.444	x
74	223	22.528	x
74	224	22.636	x
74	225	22.685	x
74	226	22.708	x
74	227	22.662	x
74	228	22.447	x
74	229	22.465	x
74	230	22.079	x
74	231	21.989	x
74	232	21.604	x
74	233	21.69	x
74	234	21.492	x
74	235	21.489	x
74	236	21.492	x
74	237	21.266	x
74	238	20.961	x
74	239	20.797	x
74	240	20.271	x
74	241	20.19	x
74	242	19.655	x
74	243	19.564	x
74	244	19.17	x
74	245	19.226	x
74	246	18.74	x
74	247	18.594	x
75	171	17.513	x
75	172	17.94	x
75	173	18.13	x
75	174	18.811	x
75	175	19.228	x
75	176	19.952	x
75	177	20.561	x
75	178	21.377	x
75	179	21.818	x
75	180	22.499	x
75	181	22.906	x
75	182	23.492	x
75	183	23.617	x
75	184	23.768	x
75	185	23.658	x
75	186	24.13	x
75	187	24.125	x
75	188	24.772	x
75	189	25.134	x
75	190	25.994	x
75	191	26.239	x
75	192	26.366	x
75	193	26.565	x
75	194	26.638	x
75	195	26.757	x
75	196	27.437	x
75	197	27.932	x
75	198	28.69	x
75	199	29.066	x
75	200	29.912	x
75	201	30.222	x
75	202	29.482	x
75	203	28.539	x
75	204	27.392	x
75	205	26.184	x
75	206	25.13	x
75	207	23.728	x
75	208	22.957	x
75	209	22.37	x
75	210	22.22	x
75	211	21.722	x
75	212	21.67	x
75	213	21.619	x
75	214	21.676	x
75	215	21.179	x
75	216	21.369	x
75	217	21.091	x
75	218	21.356	x
75	219	21.329	x
75	220	21.434	x
75	221	21.742	x
75	222	21.906	x
75	223	21.995	x
75	224	21.995	x
75	225	22.055	x
75	226	22.095	x
75	227	22.112	x
75	228	22.133	x
75	229	21.676	x
75	230	21.65	x
75	231	21.348	x
75	232	21.472	x
75	233	21.119	x
75	234	21.24	x
75	235	20.926	x
75	236	21.054	x
75	237	21.025	x
75	238	20.942	x
75	239	20.625	x
75	240	20.437	x
75	241	19.982	x
75	242	19.94	x
75	243	19.41	x
75	244	19.42	x
75	245	19.119	x
75	246	19.278	x
75	247	18.751	x
75	248	18.68	x
75	249	18.16	x
75	250	17.934	x
76	171	15.383	x
76	172	15.495	x
76	173	15.87	x
76	174	16.013	x
76	175	16.366	x
76	176	16.969	x
76	177	17.575	x
76	178	18.118	x
76	179	18.792	x
76	180	19.492	x
76	181	20.17	x
76	182	20.758	x
76	183	21.198	x
76	184	21.294	x
76	185	21.409	x
76	186	21.439	x
76	187	21.67	x
76	188	21.752	x
76	189	22.381	x
76	190	22.888	x
76	191	23.853	x
76	192	24.841	x
76	193	25.332	x
76	194	25.576	x
76	195	25.836	x
76	196	26.153	x
76	197	26.749	x
76	198	27.292	x
76	199	28.073	x
76	200	28.544	x
76	201	29.552	x
76	202	29.834	x
76	203	29.066	x
76	204	28.209	x
76	205	27.084	x
76	206	25.983	x
76	207	24.669	x
76	208	23.291	x
76	209	22.243	x
76	210	21.738	x
76	211	21.534	x
76	212	21.038	x
76	213	20.797	x
76	214	20.463	x
76	215	20.413	x
76	216	20.118	x
76	217	19.749	x
76	218	19.496	x
76	219	19.572	x
76	220	19.574	x
76	221	19.844	x
76	222	19.898	x
76	223	20.254	x
76	224	20.412	x
76	225	20.502	x
76	226	20.66	x
76	227	20.673	x
76	228	20.656	x
76	229	20.387	x
76	230	19.94	x
76	231	19.936	x
76	232	19.789	x
76	233	20.139	x
76	234	19.802	x
76	235	19.698	x
76	236	19.616	x
76	237	19.79	x
76	238	19.971	x
76	239	19.785	x
76	240	19.208	x
76	241	19.215	x
76	242	18.748	x
76	243	18.779	x
76	244	18.528	x
76	245	18.613	x
76	246	18.474	x
76	247	18.676	x
76	248	18.284	x
76	249	18.165	x
76	250	17.776	x
76	251	17.257	x
76	252	17.369	x
76	253	18.107	x
77	171	13.829	x
77	172	14.18	x
77	173	13.978	x
77	174	14.107	x
77	175	14.136	x
77	176	14.657	x
77	177	14.766	x
77	178	15.474	x
77	179	16.026	x
77	180	16.652	x
77	181	17.262	x
77	182	17.818	x
77	183	18.295	x
77	184	18.838	x
77	185	18.982	x
77	186	19.53	x
77	187	19.586	x
77	188	20.062	x
77	189	20.149	x
77	190	20.691	x
77	191	20.945	x
77	192	22.194	x
77	193	23.185	x
77	194	23.838	x
77	195	24.308	x
77	196	24.948	x
77	197	25.267	x
77	198	26.222	x
77	199	26.921	x
77	200	27.703	x
77	201	28.177	x
77	202	29.05	x
77	203	29.353	x
77	204	28.456	x
77	205	27.766	x
77	206	26.69	x
77	207	25.586	x
77	208	24.268	x
77	209	22.953	x
77	210	21.983	x
77	211	21.449	x
77	212	21.132	x
77	213	20.747	x
77	214	20.496	x
77	215	19.994	x
77	216	19.489	x
77	217	18.908	x
77	218	18.584	x
77	219	18.312	x
77	220	18.464	x
77	221	18.274	x
77	222	18.566	x
77	223	18.62	x
77	224	18.994	x
77	225	19.081	x
77	226	19.478	x
77	227	19.493	x
77	228	19.827	x
77	229	19.459	x
77	230	19.443	x
77	231	18.765	x
77	232	18.973	x
77	233	18.875	x
77	234	19.17	x
77	235	18.79	x
77	236	18.672	x
77	237	18.665	x
77	238	18.933	x
77	239	19.093	x
77	240	18.93	x
77	241	18.487	x
77	242	18.424	x
77	243	17.94	x
77	244	18.121	x
77	245	18.038	x
77	246	18.162	x
77	247	17.944	x
77	248	18.495	x
77	249	18.171	x
77	250	18.026	x
77	251	17.572	x
77	252	17.73	x
77	253	17.454	x
77	254	18.248	x
77	255	18.033	x
77	256	18.167	x
78	171	11.356	x
78	172	11.734	x
78	173	12.234	x
78	174	12.392	x
78	175	12.523	x
78	176	12.381	x
78	177	12.477	x
78	178	12.817	x
78	179	13.339	x
78	180	13.778	x
78	181	14.426	x
78	182	14.904	x
78	183	15.462	x
78	184	16.091	x
78	185	16.657	x
78	186	17.063	x
78	187	17.59	x
78	188	17.746	x
78	189	18.257	x
78	190	18.799	x
78	191	19.603	x
78	192	20.082	x
78	193	20.838	x
78	194	21.469	x
78	195	22.26	x
78	196	23.01	x
78	197	23.672	x
78	198	24.536	x
78	199	25.523	x
78	200	26.303	x
78	201	27.056	x
78	202	27.512	x
78	203	28.344	x
78	204	28.502	x
78	205	27.636	x
78	206	26.982	x
78	207	25.77	x
78	208	24.767	x
78	209	23.443	x
78	210	22.334	x
78	211	21.48	x
78	212	20.813	x
78	213	20.32	x
78	214	19.739	x
78	215	19.439	x
78	216	18.966	x
78	217	18.353	x
78	218	17.753	x
78	219	17.32	x
78	220	16.903	x
78	221	16.696	x
78	222	16.67	x
78	223	16.7	x
78	224	16.78	x
78	225	16.983	x
78	226	17.075	x
78	227	17.55	x
78	228	17.454	x
78	229	17.747	x
78	230	17.645	x
78	231	17.328	x
78	232	17.218	x
78	233	17.469	x
78	234	17.417	x
78	235	17.54	x
78	236	17.243	x
78	237	17.181	x
78	238	17.327	x
78	239	17.487	x
78	240	17.63	x
78	241	17.559	x
78	242	17.183	x
78	243	16.965	x
78	244	16.816	x
78	245	16.799	x
78	246	16.697	x
78	247	16.997	x
78	248	16.863	x
78	249	17.303	x
78	250	17.332	x
78	251	17.542	x
78	252	17.328	x
78	253	17.537	x
78	254	17.492	x
78	255	17.769	x
78	256	17.746	x
78	257	17.885	x
78	258	17.653	x
78	259	17.703	x
78	260	17.335	x
79	171	10.83	x
79	172	10.939	x
79	173	10.943	x
79	174	10.638	x
79	175	11.001	x
79	176	11.277	x
79	177	11.074	x
79	178	11.225	x
79	179	11.357	x
79	180	11.831	x
79	181	12.283	x
79	182	12.763	x
79	183	13.197	x
79	184	13.838	x
79	185	14.315	x
79	186	15.029	x
79	187	15.329	x
79	188	16.01	x
79	189	16.573	x
79	190	17.161	x
79	191	17.985	x
79	192	18.872	x
79	193	19.26	x
79	194	19.958	x
79	195	20.54	x
79	196	21.472	x
79	197	22.305	x
79	198	23.16	x
79	199	23.969	x
79	200	25.066	x
79	201	25.777	x
79	202	26.527	x
79	203	27.014	x
79	204	27.95	x
79	205	28.032	x
79	206	27.091	x
79	207	26.364	x
79	208	25.361	x
79	209	24.249	x
79	210	22.93	x
79	211	21.868	x
79	212	21.288	x
79	213	20.542	x
79	214	19.948	x
79	215	19.252	x
79	216	18.84	x
79	217	18.237	x
79	218	17.767	x
79	219	16.955	x
79	220	16.406	x
79	221	15.775	x
79	222	15.581	x
79	223	15.512	x
79	224	15.443	x
79	225	15.352	x
79	226	15.711	x
79	227	15.786	x
79	228	16.519	x
79	229	16.178	x
79	230	16.984	x
79	231	16.313	x
79	232	16.475	x
79	233	16.251	x
79	234	16.503	x
79	235	16.362	x
79	236	16.463	x
79	237	16.23	x
79	238	16.408	x
79	239	16.468	x
79	240	16.582	x
79	241	16.627	x
79	242	16.607	x
79	243	16.237	x
79	244	16.084	x
79	245	15.69	x
79	246	15.992	x
79	247	16.236	x
79	248	16.773	x
79	249	16.943	x
79	250	17.57	x
79	251	17.57	x
79	252	17.819	x
79	253	17.387	x
79	254	17.699	x
79	255	17.774	x
79	256	17.643	x
79	257	17.613	x
79	258	17.863	x
79	259	17.599	x
79	260	17.615	x
79	261	17.31	x
79	262	17.318	x
79	263	17.267	x
80	171	10.03	x
80	172	9.815	x
80	173	9.79	x
80	174	9.627	x
80	175	9.772	x
80	176	9.622	x
80	177	9.409	x
80	178	9.324	x
80	179	9.678	x
80	180	9.812	x
80	181	10.269	x
80	182	10.852	x
80	183	11.319	x
80	184	11.918	x
80	185	12.431	x
80	186	12.988	x
80	187	13.5	x
80	188	13.983	x
80	189	14.524	x
80	190	15.223	x
80	191	16.024	x
80	192	16.754	x
80	193	17.558	x
80	194	18.096	x
80	195	18.792	x
80	196	19.653	x
80	197	20.477	x
80	198	21.447	x
80	199	22.235	x
80	200	23.229	x
80	201	24.046	x
80	202	24.794	x
80	203	25.552	x
80	204	26.108	x
80	205	27.093	x
80	206	27.21	x
80	207	26.103	x
80	208	25.511	x
80	209	24.372	x
80	210	23.318	x
80	211	22.169	x
80	212	21.267	x
80	213	20.44	x
80	214	19.804	x
80	215	19.001	x
80	216	18.33	x
80	217	17.726	x
80	218	17.038	x
80	219	16.53	x
80	220	15.69	x
80	221	15.134	x
80	222	14.561	x
80	223	14.415	x
80	224	14.126	x
80	225	14.191	x
80	226	14.302	x
80	227	14.593	x
80	228	14.711	x
80	229	15.091	x
80	230	14.954	x
80	231	15.159	x
80	232	14.969	x
80	233	15.113	x
80	234	14.855	x
80	235	15.086	x
80	236	14.965	x
80	237	14.995	x
80	238	14.91	x
80	239	14.897	x
80	240	14.971	x
80	241	15.211	x
80	242	15.24	x
80	243	15.218	x
80	244	14.903	x
80	245	14.712	x
80	246	15.111	x
80	247	15.5	x
80	248	15.773	x
80	249	16.119	x
80	250	16.395	x
80	251	16.79	x
80	252	16.891	x
80	253	17.279	x
80	254	17.379	x
80	255	17.74	x
80	256	17.62	x
80	257	17.773	x
80	258	17.764	x
80	259	18.022	x
80	260	17.791	x
80	261	17.839	x
80	262	17.692	x
80	263	17.746	x
80	264	17.408	x
80	265	16.524	x
80	266	15.628	x
81	173	9.113	x
81	174	8.957	x
81	175	9.131	x
81	176	9.189	x
81	177	9.038	x
81	178	9.008	x
81	179	8.808	x
81	180	8.652	x
81	181	8.859	x
81	182	8.983	x
81	183	9.492	x
81	184	9.869	x
81	185	10.437	x
81	186	10.972	x
81	187	11.482	x
81	188	12.11	x
81	189	12.741	x
81	190	13.495	x
81	191	14.308	x
81	192	15.129	x
81	193	15.991	x
81	194	16.377	x
81	195	17.085	x
81	196	18.039	x
81	197	18.85	x
81	198	19.733	x
81	199	20.634	x
81	200	21.66	x
81	201	22.233	x
81	202	23.29	x
81	203	24.04	x
81	204	24.795	x
81	205	25.487	x
81	206	26.378	x
81	207	26.497	x
81	208	25.554	x
81	209	24.721	x
81	210	23.548	x
81	211	22.415	x
81	212	21.58	x
81	213	20.787	x
81	214	19.971	x
81	215	19.191	x
81	216	18.497	x
81	217	17.781	x
81	218	17.311	x
81	219	16.498	x
81	220	15.877	x
81	221	14.991	x
81	222	14.328	x
81	223	13.641	x
81	224	13.494	x
81	225	13.332	x
81	226	13.536	x
81	227	13.526	x
81	228	13.886	x
81	229	13.86	x
81	230	14.15	x
81	231	13.989	x
81	232	14.203	x
81	233	13.962	x
81	234	14.091	x
81	235	13.815	x
81	236	13.94	x
81	237	13.781	x
81	238	14.117	x
81	239	14.016	x
81	240	14.289	x
81	241	14.068	x
81	242	14.308	x
81	243	14.37	x
81	244	14.433	x
81	245	14.193	x
81	246	14.346	x
81	247	14.533	x
81	248	14.883	x
81	249	15.23	x
81	250	15.616	x
81	251	15.981	x
81	252	16.532	x
81	253	16.748	x
81	254	17.205	x
81	255	17.098	x
81	256	17.501	x
81	257	17.58	x
81	258	17.757	x
81	259	17.9	x
81	260	18.326	x
81	261	18.176	x
81	262	18.512	x
81	263	18.255	x
81	264	18.37	x
81	265	17.793	x
81	266	16.948	x
81	267	15.932	x
81	268	14.452	x
81	269	13.283	x
82	175	7.62	x
82	176	7.581	x
82	177	7.737	x
82	178	7.986	x
82	179	8.155	x
82	180	8.473	x
82	181	8.478	x
82	182	8.625	x
82	183	8.647	x
82	184	8.924	x
82	185	9.118	x
82	186	9.609	x
82	187	9.827	x
82	188	10.318	x
82	189	10.631	x
82	190	11.178	x
82	191	11.683	x
82	192	12.85	x
82	193	13.569	x
82	194	14.496	x
82	195	14.772	x
82	196	15.662	x
82	197	16.364	x
82	198	17.28	x
82	199	18.088	x
82	200	18.894	x
82	201	19.666	x
82	202	20.478	x
82	203	20.906	x
82	204	21.91	x
82	205	23.082	x
82	206	23.938	x
82	207	24.763	x
82	208	24.952	x
82	209	23.968	x
82	210	22.911	x
82	211	21.876	x
82	212	20.769	x
82	213	19.869	x
82	214	19.13	x
82	215	18.435	x
82	216	17.952	x
82	217	17.481	x
82	218	16.832	x
82	219	16.129	x
82	220	15.328	x
82	221	14.453	x
82	222	13.703	x
82	223	12.885	x
82	224	12.482	x
82	225	12.426	x
82	226	12.335	x
82	227	12.302	x
82	228	12.164	x
82	229	12.385	x
82	230	12.582	x
82	231	12.819	x
82	232	12.667	x
82	233	12.895	x
82	234	12.637	x
82	235	12.699	x
82	236	12.409	x
82	237	12.395	x
82	238	12.231	x
82	239	12.367	x
82	240	12.424	x
82	241	12.815	x
82	242	12.772	x
82	243	13.008	x
82	244	13.073	x
82	245	13.213	x
82	246	13.239	x
82	247	13.416	x
82	248	13.598	x
82	249	13.848	x
82	250	14.058	x
82	251	14.611	x
82	252	14.853	x
82	253	15.292	x
82	254	15.278	x
82	255	15.717	x
82	256	15.668	x
82	257	16.18	x
82	258	16.302	x
82	259	17.033	x
82	260	17.325	x
82	261	17.872	x
82	262	17.967	x
82	263	18.298	x
82	264	18.079	x
82	265	18.205	x
82	266	17.713	x
82	267	16.496	x
82	268	15.426	x
82	269	13.938	x
82	270	12.962	x
82	271	12.569	x
82	272	12.085	x
82	273	11.957	x
83	178	5.331	x
83	179	5.398	x
83	180	5.689	x
83	181	5.726	x
83	182	6.401	x
83	183	6.526	x
83	184	7.16	x
83	185	7.381	x
83	186	7.746	x
83	187	7.749	x
83	188	8.136	x
83	189	8.605	x
83	190	9.145	x
83	191	9.452	x
83	192	9.991	x
83	193	10.592	x
83	194	11.143	x
83	195	11.793	x
83	196	12.315	x
83	197	13.287	x
83	198	14.235	x
83	199	15.221	x
83	200	16.177	x
83	201	16.989	x
83	202	17.896	x
83	203	18.71	x
83	204	19.595	x
83	205	20.47	x
83	206	21.418	x
83	207	22.281	x
83	208	23.228	x
83	209	23.884	x
83	210	22.744	x
83	211	21.761	x
83	212	20.494	x
83	213	19.169	x
83	214	17.893	x
83	215	16.794	x
83	216	16.046	x
83	217	15.651	x
83	218	15.157	x
83	219	14.452	x
83	220	14.017	x
83	221	13.329	x
83	222	12.584	x
83	223	12.258	x
83	224	12.305	x
83	225	12.138	x
83	226	11.919	x
83	227	11.788	x
83	228	11.713	x
83	229	11.665	x
83	230	11.77	x
83	231	11.444	x
83	232	11.835	x
83	233	11.651	x
83	234	11.87	x
83	235	11.563	x
83	236	11.562	x
83	237	11.364	x
83	238	11.143	x
83	239	10.961	x
83	240	11.276	x
83	241	11.291	x
83	242	11.549	x
83	243	11.437	x
83	244	11.681	x
83	245	11.719	x
83	246	12.082	x
83	247	11.965	x
83	248	12.656	x
83	249	12.778	x
83	250	13.096	x
83	251	13.458	x
83	252	14.055	x
83	253	14.247	x
83	254	14.589	x
83	255	14.743	x
83	256	14.945	x
83	257	14.808	x
83	258	15.421	x
83	259	15.805	x
83	260	16.266	x
83	261	16.415	x
83	262	17.058	x
83	263	17.186	x
83	264	17.59	x
83	265	17.408	x
83	266	17.522	x
83	267	16.963	x
83	268	15.812	x
83	269	14.736	x
83	270	13.296	x
83	271	11.663	x
83	272	11.876	x
83	273	11.246	x
83	274	11.233	x
83	275	10.762	x
83	276	9.863	x
84	181	3.892	x
84	182	4.352	x
84	183	4.895	x
84	184	5.49	x
84	185	5.934	x
84	186	6.346	x
84	187	6.637	x
84	188	6.924	x
84	189	7.269	x
84	190	7.545	x
84	191	7.89	x
84	192	8.251	x
84	193	8.662	x
84	194	9.457	x
84	195	9.585	x
84	196	10.289	x
84	197	10.658	x
84	198	11.524	x
84	199	12.367	x
84	200	13.31	x
84	201	14.181	x
84	202	15.144	x
84	203	16.145	x
84	204	17.022	x
84	205	18.084	x
84	206	19.019	x
84	207	20.014	x
84	208	20.809	x
84	209	22.238	x
84	210	22.143	x
84	211	21.333	x
84	212	20.266	x
84	213	18.993	x
84	214	17.756	x
84	215	16.469	x
84	216	15.418	x
84	217	14.563	x
84	218	13.846	x
84	219	12.932	x
84	220	12.473	x
84	221	12.315	x
84	222	11.915	x
84	223	11.704	x
84	224	11.463	x
84	225	11.239	x
84	226	10.984	x
84	227	10.917	x
84	228	10.681	x
84	229	10.661	x
84	230	10.633	x
84	231	10.747	x
84	232	10.693	x
84	233	10.974	x
84	234	10.764	x
84	235	11.078	x
84	236	10.828	x
84	237	10.852	x
84	238	10.494	x
84	239	10.49	x
84	240	10.107	x
84	241	10.285	x
84	242	10.339	x
84	243	10.623	x
84	244	10.611	x
84	245	10.986	x
84	246	10.948	x
84	247	11.42	x
84	248	11.347	x
84	249	11.563	x
84	250	11.686	x
84	251	12.036	x
84	252	12.287	x
84	253	12.828	x
84	254	12.983	x
84	255	13.354	x
84	256	13.731	x
84	257	13.694	x
84	258	13.698	x
84	259	14.202	x
84	260	14.614	x
84	261	15.123	x
84	262	15.24	x
84	263	15.826	x
84	264	16.02	x
84	265	16.408	x
84	266	16.335	x
84	267	16.507	x
84	268	16.052	x
84	269	14.82	x
84	270	13.857	x
84	271	12.358	x
84	272	11.824	x
84	273	11.489	x
84	274	10.854	x
84	275	10.84	x
84	276	10.023	x
84	277	9.163	x
84	278	8.48	x
84	279	7.861	x
85	184	4.116	x
85	185	4.386	x
85	186	4.683	x
85	187	5	x
85	188	5.442	x
85	189	5.558	x
85	190	5.943	x
85	191	6.019	x
85	192	6.763	x
85	193	7.243	x
85	194	7.673	x
85	195	7.958	x
85	196	8.33	x
85	197	8.63	x
85	198	9.101	x
85	199	9.947	x
85	200	10.801	x
85	201	11.728	x
85	202	12.658	x
85	203	13.705	x
85	204	14.724	x
85	205	15.413	x
85	206	16.628	x
85	207	17.459	x
85	208	18.306	x
85	209	19.1	x
85	210	19.994	x
85	211	20.27	x
85	212	19.369	x
85	213	18.558	x
85	214	17.351	x
85	215	16.028	x
85	216	14.993	x
85	217	14.158	x
85	218	13.305	x
85	219	12.462	x
85	220	12.117	x
85	221	11.746	x
85	222	11.636	x
85	223	11.126	x
85	224	11.026	x
85	225	10.745	x
85	226	10.424	x
85	227	10.11	x
85	228	10.025	x
85	229	9.828	x
85	230	9.857	x
85	231	9.784	x
85	232	9.972	x
85	233	9.925	x
85	234	10.179	x
85	235	10.363	x
85	236	10.602	x
85	237	10.53	x
85	238	10.308	x
85	239	10.04	x
85	240	9.787	x
85	241	9.578	x
85	242	9.936	x
85	243	9.732	x
85	244	10.194	x
85	245	10.174	x
85	246	10.411	x
85	247	10.416	x
85	248	10.599	x
85	249	10.486	x
85	250	10.751	x
85	251	10.879	x
85	252	11.255	x
85	253	11.466	x
85	254	12.037	x
85	255	12.224	x
85	256	12.528	x
85	257	13.037	x
85	258	12.824	x
85	259	12.942	x
85	260	13.245	x
85	261	13.648	x
85	262	14.176	x
85	263	14.368	x
85	264	14.658	x
85	265	14.809	x
85	266	15.206	x
85	267	15.127	x
85	268	15.303	x
85	269	14.823	x
85	270	13.703	x
85	271	12.877	x
85	272	11.343	x
85	273	10.888	x
85	274	10.46	x
85	275	10.135	x
85	276	10.054	x
85	277	9.121	x
85	278	8.689	x
85	279	7.972	x
85	280	7.132	x
85	281	6.464	x
85	282	6.197	x
86	186	4.194	x
86	187	4.43	x
86	188	4.451	x
86	189	4.616	x
86	190	4.54	x
86	191	4.486	x
86	192	4.631	x
86	193	5.019	x
86	194	5.425	x
86	195	6.053	x
86	196	6.415	x
86	197	6.829	x
86	198	7.402	x
86	199	8.088	x
86	200	8.612	x
86	201	9.39	x
86	202	10.294	x
86	203	11.159	x
86	204	12.096	x
86	205	13.197	x
86	206	14.197	x
86	207	15.137	x
86	208	15.935	x
86	209	16.751	x
86	210	17.608	x
86	211	18.466	x
86	212	18.631	x
86	213	17.65	x
86	214	16.691	x
86	215	15.446	x
86	216	14.244	x
86	217	13.524	x
86	218	12.831	x
86	219	12.016	x
86	220	11.468	x
86	221	11.182	x
86	222	10.822	x
86	223	10.568	x
86	224	10.296	x
86	225	9.723	x
86	226	9.451	x
86	227	9.26	x
86	228	9.04	x
86	229	8.883	x
86	230	8.812	x
86	231	8.812	x
86	232	8.823	x
86	233	8.871	x
86	234	8.919	x
86	235	9.212	x
86	236	9.375	x
86	237	9.755	x
86	238	9.7	x
86	239	9.734	x
86	240	9.296	x
86	241	9.17	x
86	242	8.979	x
86	243	9.257	x
86	244	9.119	x
86	245	9.013	x
86	246	9.025	x
86	247	9.277	x
86	248	9.34	x
86	249	9.514	x
86	250	9.398	x
86	251	9.406	x
86	252	9.516	x
86	253	9.809	x
86	254	10.029	x
86	255	10.518	x
86	256	10.806	x
86	257	11.215	x
86	258	11.603	x
86	259	11.318	x
86	260	11.345	x
86	261	11.912	x
86	262	12.298	x
86	263	12.794	x
86	264	12.989	x
86	265	13.423	x
86	266	13.55	x
86	267	13.737	x
86	268	13.807	x
86	269	14.072	x
86	270	13.592	x
86	271	12.537	x
86	272	11.675	x
86	273	10.71	x
86	274	10.015	x
86	275	9.743	x
86	276	9.418	x
86	277	9.222	x
86	278	8.448	x
86	279	8.041	x
86	280	7.368	x
86	281	6.621	x
86	282	6.093	x
86	283	5.455	x
86	284	5.126	x
86	285	4.435	x
86	286	4.003	x
87	189	4.238	x
87	190	4.441	x
87	191	4.334	x
87	192	4.435	x
87	193	4.384	x
87	194	4.349	x
87	195	4.483	x
87	196	4.584	x
87	197	5.18	x
87	198	5.82	x
87	199	6.385	x
87	200	7.097	x
87	201	7.621	x
87	202	8.331	x
87	203	8.923	x
87	204	9.641	x
87	205	10.944	x
87	206	11.982	x
87	207	12.845	x
87	208	13.711	x
87	209	14.6	x
87	210	15.401	x
87	211	16.021	x
87	212	16.716	x
87	213	16.662	x
87	214	15.645	x
87	215	14.806	x
87	216	13.461	x
87	217	12.74	x
87	218	12.404	x
87	219	11.567	x
87	220	11.333	x
87	221	10.806	x
87	222	10.467	x
87	223	10.021	x
87	224	9.642	x
87	225	9.223	x
87	226	9.016	x
87	227	8.611	x
87	228	8.365	x
87	229	8.117	x
87	230	8.041	x
87	231	7.96	x
87	232	8.006	x
87	233	7.923	x
87	234	8.088	x
87	235	8.154	x
87	236	8.496	x
87	237	8.713	x
87	238	8.959	x
87	239	9.031	x
87	240	9.075	x
87	241	8.83	x
87	242	8.657	x
87	243	8.445	x
87	244	8.452	x
87	245	8.245	x
87	246	8.088	x
87	247	8.118	x
87	248	8.416	x
87	249	8.437	x
87	250	8.665	x
87	251	8.585	x
87	252	8.534	x
87	253	8.535	x
87	254	8.834	x
87	255	9	x
87	256	9.556	x
87	257	9.787	x
87	258	10.05	x
87	259	10.4	x
87	260	10.437	x
87	261	10.205	x
87	262	10.948	x
87	263	11.419	x
87	264	11.718	x
87	265	11.909	x
87	266	12.348	x
87	267	12.32	x
87	268	12.649	x
87	269	12.791	x
87	270	13.05	x
87	271	12.538	x
87	272	11.546	x
87	273	10.763	x
87	274	9.741	x
87	275	9.085	x
87	276	9.175	x
87	277	8.925	x
87	278	8.715	x
87	279	8.17	x
87	280	7.724	x
87	281	7.033	x
87	282	6.582	x
87	283	6.14	x
87	284	5.6	x
87	285	5.045	x
87	286	4.529	x
87	287	4.008	x
87	288	3.846	x
87	289	3.265	x
88	192	3.924	x
88	193	3.769	x
88	194	3.756	x
88	195	3.456	x
88	196	3.716	x
88	197	4.121	x
88	198	3.989	x
88	199	4.632	x
88	200	5.123	x
88	201	5.852	x
88	202	6.262	x
88	203	6.887	x
88	204	7.495	x
88	205	8.513	x
88	206	9.749	x
88	207	10.82	x
88	208	11.7	x
88	209	12.539	x
88	210	13.264	x
88	211	14	x
88	212	14.403	x
88	213	15.112	x
88	214	14.94	x
88	215	13.934	x
88	216	13.01	x
88	217	11.797	x
88	218	11.25	x
88	219	10.806	x
88	220	10.254	x
88	221	10.029	x
88	222	9.573	x
88	223	9.197	x
88	224	8.783	x
88	225	8.395	x
88	226	8.228	x
88	227	8.017	x
88	228	7.607	x
88	229	7.306	x
88	230	7.043	x
88	231	7.006	x
88	232	6.943	x
88	233	6.974	x
88	234	6.902	x
88	235	7.155	x
88	236	7.327	x
88	237	7.701	x
88	238	7.791	x
88	239	8.264	x
88	240	8.245	x
88	241	8.244	x
88	242	7.946	x
88	243	7.784	x
88	244	7.487	x
88	245	7.607	x
88	246	7.345	x
88	247	7.385	x
88	248	7.2	x
88	249	7.293	x
88	250	7.213	x
88	251	7.261	x
88	252	7.082	x
88	253	7.135	x
88	254	7.098	x
88	255	7.326	x
88	256	7.477	x
88	257	7.753	x
88	258	8.067	x
88	259	8.522	x
88	260	9.002	x
88	261	8.868	x
88	262	9.032	x
88	263	9.733	x
88	264	10.157	x
88	265	10.726	x
88	266	10.797	x
88	267	11.182	x
88	268	11.153	x
88	269	11.678	x
88	270	11.736	x
88	271	12.022	x
88	272	11.576	x
88	273	10.527	x
88	274	9.783	x
88	275	8.881	x
88	276	8.33	x
88	277	8.483	x
88	278	8.222	x
88	279	8.202	x
88	280	7.638	x
88	281	7.165	x
88	282	6.457	x
88	283	6.097	x
88	284	5.558	x
88	285	5.194	x
88	286	4.767	x
88	287	4.26	x
88	288	3.779	x
88	289	3.391	x
88	290	2.914	x
88	291	2.629	x
88	292	2.236	x
89	195	3.398	x
89	196	3.288	x
89	197	3.239	x
89	198	3.439	x
89	199	3.447	x
89	200	3.645	x
89	201	4.048	x
89	202	4.812	x
89	203	5.193	x
89	204	5.721	x
89	205	6.494	x
89	206	7.424	x
89	207	8.457	x
89	208	9.498	x
89	209	10.584	x
89	210	11.306	x
89	211	12.035	x
89	212	12.655	x
89	213	12.995	x
89	214	13.52	x
89	215	13.36	x
89	216	12.19	x
89	217	11.081	x
89	218	10.397	x
89	219	10.03	x
89	220	9.713	x
89	221	9.337	x
89	222	9.133	x
89	223	8.694	x
89	224	8.503	x
89	225	8.047	x
89	226	7.714	x
89	227	7.529	x
89	228	7.236	x
89	229	6.675	x
89	230	6.489	x
89	231	6.243	x
89	232	6.186	x
89	233	6.083	x
89	234	6.162	x
89	235	6.268	x
89	236	6.892	x
89	237	7.078	x
89	238	7.614	x
89	239	7.746	x
89	240	8.262	x
89	241	8.189	x
89	242	8.154	x
89	243	7.838	x
89	244	7.619	x
89	245	7.348	x
89	246	7.363	x
89	247	7.122	x
89	248	7.097	x
89	249	6.864	x
89	250	6.943	x
89	251	6.741	x
89	252	6.812	x
89	253	6.591	x
89	254	6.496	x
89	255	6.274	x
89	256	6.639	x
89	257	6.908	x
89	258	7.308	x
89	259	7.476	x
89	260	7.854	x
89	261	8.013	x
89	262	7.971	x
89	263	8.112	x
89	264	8.766	x
89	265	9.199	x
89	266	9.776	x
89	267	9.771	x
89	268	10.245	x
89	269	10.267	x
89	270	10.805	x
89	271	10.792	x
89	272	11.056	x
89	273	10.577	x
89	274	9.604	x
89	275	8.994	x
89	276	8.104	x
89	277	7.55	x
89	278	7.79	x
89	279	7.604	x
89	280	7.644	x
89	281	7.228	x
89	282	6.843	x
89	283	6.29	x
89	284	5.971	x
89	285	5.557	x
89	286	5.305	x
89	287	4.857	x
89	288	4.392	x
89	289	3.809	x
89	290	3.412	x
89	291	2.996	x
89	292	2.818	x
89	293	2.505	x
89	294	2.652	x
89	295	2.704	x
90	198	2.534	x
90	199	2.767	x
90	200	2.691	x
90	201	2.887	x
90	202	2.86	x
90	203	3.608	x
90	204	3.848	x
90	205	4.788	x
90	206	5.443	x
90	207	6.432	x
90	208	7.571	x
90	209	8.548	x
90	210	9.392	x
90	211	10.109	x
90	212	10.662	x
90	213	11.341	x
90	214	11.678	x
90	215	12.344	x
90	216	12.174	x
90	217	11.024	x
90	218	9.992	x
90	219	9.17	x
90	220	8.453	x
90	221	8.273	x
90	222	7.987	x
90	223	8.204	x
90	224	7.846	x
90	225	7.594	x
90	226	7.201	x
90	227	6.979	x
90	228	6.521	x
90	229	6.06	x
90	230	5.655	x
90	231	5.555	x
90	232	5.443	x
90	233	5.468	x
90	234	5.376	x
90	235	5.805	x
90	236	6.036	x
90	237	6.638	x
90	238	6.836	x
90	239	7.346	x
90	240	7.529	x
90	241	8.003	x
90	242	7.968	x
90	243	7.892	x
90	244	7.605	x
90	245	7.359	x
90	246	6.936	x
90	247	7.121	x
90	248	6.875	x
90	249	6.715	x
90	250	6.595	x
90	251	6.632	x
90	252	6.4	x
90	253	6.225	x
90	254	6.065	x
90	255	5.858	x
90	256	5.526	x
90	257	5.877	x
90	258	6.082	x
90	259	6.391	x
90	260	6.615	x
90	261	7.053	x
90	262	7.044	x
90	263	6.884	x
90	264	7.014	x
90	265	7.602	x
90	266	8.003	x
90	267	8.518	x
90	268	8.73	x
90	269	9.327	x
90	270	9.377	x
90	271	9.842	x
90	272	9.874	x
90	273	10.089	x
90	274	9.653	x
90	275	8.662	x
90	276	8.08	x
90	277	7.269	x
90	278	6.839	x
90	279	7.058	x
90	280	6.897	x
90	281	6.967	x
90	282	6.66	x
90	283	6.314	x
90	284	5.872	x
90	285	5.76	x
90	286	5.4	x
90	287	5.136	x
90	288	4.741	x
90	289	4.223	x
90	290	3.617	x
90	291	3.327	x
90	292	3.045	x
90	293	2.91	x
90	294	2.675	x
90	295	2.775	x
90	296	2.866	x
90	297	3.118	x
90	298	3.175	x
90	299	3.03	x
91	200	2.178	x
91	201	2.075	x
91	202	2.063	x
91	203	2.075	x
91	204	2.639	x
91	205	3.038	x
91	206	4.01	x
91	207	4.741	x
91	208	5.621	x
91	209	6.548	x
91	210	7.438	x
91	211	8.191	x
91	212	8.968	x
91	213	9.334	x
91	214	9.969	x
91	215	10.351	x
91	216	10.933	x
91	217	10.805	x
91	218	9.684	x
91	219	8.604	x
91	220	8.205	x
91	221	7.545	x
91	222	6.929	x
91	223	6.909	x
91	224	7.034	x
91	225	6.835	x
91	226	6.905	x
91	227	6.514	x
91	228	6.259	x
91	229	5.588	x
91	230	5.279	x
91	231	4.987	x
91	232	4.97	x
91	233	4.991	x
91	234	5.134	x
91	235	5.331	x
91	236	5.757	x
91	237	5.991	x
91	238	6.57	x
91	239	6.716	x
91	240	7.271	x
91	241	7.425	x
91	242	7.866	x
91	243	7.787	x
91	244	7.757	x
91	245	7.401	x
91	246	7.125	x
91	247	6.889	x
91	248	6.91	x
91	249	6.658	x
91	250	6.669	x
91	251	6.335	x
91	252	6.347	x
91	253	6.054	x
91	254	5.872	x
91	255	5.584	x
91	256	5.35	x
91	257	5.171	x
91	258	5.3	x
91	259	5.421	x
91	260	5.636	x
91	261	5.842	x
91	262	6.238	x
91	263	6.241	x
91	264	6.3	x
91	265	6.326	x
91	266	6.82	x
91	267	7.135	x
91	268	7.59	x
91	269	7.933	x
91	270	8.46	x
91	271	8.486	x
91	272	8.976	x
91	273	8.911	x
91	274	9.133	x
91	275	8.649	x
91	276	7.574	x
91	277	7.09	x
91	278	6.41	x
91	279	6.226	x
91	280	6.353	x
91	281	6.199	x
91	282	6.308	x
91	283	6.01	x
91	284	6.105	x
91	285	5.93	x
91	286	5.85	x
91	287	5.461	x
91	288	5.226	x
91	289	4.762	x
91	290	4.3	x
91	291	3.85	x
91	292	3.598	x
91	293	3.113	x
91	294	2.983	x
91	295	2.825	x
91	296	2.986	x
91	297	3.065	x
91	298	3.342	x
91	299	3.316	x
91	300	3.387	x
91	301	3.174	x
91	302	3.059	x
92	203	1.209	x
92	204	1.138	x
92	205	1.735	x
92	206	2.268	x
92	207	3.238	x
92	208	3.84	x
92	209	4.585	x
92	210	5.438	x
92	211	6.515	x
92	212	7.18	x
92	213	7.853	x
92	214	8.301	x
92	215	8.825	x
92	216	9.253	x
92	217	9.781	x
92	218	9.669	x
92	219	8.544	x
92	220	7.62	x
92	221	7.062	x
92	222	6.463	x
92	223	5.868	x
92	224	5.653	x
92	225	5.808	x
92	226	5.586	x
92	227	5.483	x
92	228	5.133	x
92	229	4.941	x
92	230	4.284	x
92	231	4.461	x
92	232	4.725	x
92	233	4.793	x
92	234	4.894	x
92	235	4.874	x
92	236	5.032	x
92	237	5.435	x
92	238	5.634	x
92	239	6.214	x
92	240	6.375	x
92	241	6.926	x
92	242	7.096	x
92	243	7.496	x
92	244	7.464	x
92	245	7.387	x
92	246	7.21	x
92	247	7.025	x
92	248	6.637	x
92	249	6.565	x
92	250	6.308	x
92	251	6.368	x
92	252	6.039	x
92	253	6.003	x
92	254	5.741	x
92	255	5.48	x
92	256	5.022	x
92	257	4.784	x
92	258	4.605	x
92	259	4.645	x
92	260	4.705	x
92	261	4.893	x
92	262	4.953	x
92	263	5.332	x
92	264	5.593	x
92	265	5.674	x
92	266	5.737	x
92	267	6.112	x
92	268	6.603	x
92	269	7.03	x
92	270	7.085	x
92	271	7.577	x
92	272	7.636	x
92	273	8.065	x
92	274	8.061	x
92	275	8.256	x
92	276	7.724	x
92	277	6.707	x
92	278	6.256	x
92	279	5.637	x
92	280	5.508	x
92	281	5.594	x
92	282	5.497	x
92	283	5.592	x
92	284	5.406	x
92	285	5.632	x
92	286	5.694	x
92	287	5.501	x
92	288	5.089	x
92	289	4.859	x
92	290	4.44	x
92	291	4.276	x
92	292	3.935	x
92	293	3.842	x
92	294	3.332	x
92	295	3.12	x
92	296	2.951	x
92	297	3.021	x
92	298	3.165	x
92	299	3.399	x
92	300	3.383	x
92	301	3.328	x
92	302	3.196	x
92	303	3.245	x
92	304	3.234	x
92	305	3.445	x
93	206	1.161	x
93	207	1.658	x
93	208	2.52	x
93	209	3.051	x
93	210	3.722	x
93	211	4.491	x
93	212	5.209	x
93	213	6.089	x
93	214	6.666	x
93	215	7.002	x
93	216	7.522	x
93	217	7.832	x
93	218	8.278	x
93	219	8.255	x
93	220	7.322	x
93	221	6.468	x
93	222	6.008	x
93	223	5.282	x
93	224	4.963	x
93	225	4.429	x
93	226	4.173	x
93	227	3.778	x
93	228	3.703	x
93	229	3.81	x
93	230	3.813	x
93	231	3.809	x
93	232	4.141	x
93	233	4.366	x
93	234	4.634	x
93	235	4.828	x
93	236	4.807	x
93	237	4.941	x
93	238	5.357	x
93	239	5.567	x
93	240	6.01	x
93	241	6.146	x
93	242	6.759	x
93	243	6.87	x
93	244	7.348	x
93	245	7.272	x
93	246	7.387	x
93	247	7.095	x
93	248	6.891	x
93	249	6.461	x
93	250	6.353	x
93	251	6.01	x
93	252	5.871	x
93	253	5.721	x
93	254	5.636	x
93	255	5.39	x
93	256	5.118	x
93	257	4.582	x
93	258	4.273	x
93	259	4.064	x
93	260	4.038	x
93	261	4.037	x
93	262	4.181	x
93	263	4.167	x
93	264	4.76	x
93	265	5.123	x
93	266	5.23	x
93	267	5.289	x
93	268	5.776	x
93	269	6.175	x
93	270	6.598	x
93	271	6.509	x
93	272	6.68	x
93	273	6.556	x
93	274	7.008	x
93	275	6.928	x
93	276	7.007	x
93	277	6.433	x
93	278	5.723	x
93	279	5.193	x
93	280	5.08	x
93	281	4.787	x
93	282	4.998	x
93	283	4.902	x
93	284	5.116	x
93	285	5.114	x
93	286	5.367	x
93	287	5.265	x
93	288	5.426	x
93	289	4.96	x
93	290	4.731	x
93	291	4.517	x
93	292	4.34	x
93	293	4.09	x
93	294	3.926	x
93	295	3.537	x
93	296	3.262	x
93	297	3.067	x
93	298	3.22	x
93	299	3.261	x
93	300	3.445	x
93	301	3.402	x
93	302	3.482	x
93	303	3.498	x
93	304	3.66	x
93	305	3.654	x
93	306	3.851	x
93	307	3.832	x
93	308	4.082	x
94	209	1.723	x
94	210	2.254	x
94	211	3.047	x
94	212	3.587	x
94	213	4.391	x
94	214	5.092	x
94	215	5.704	x
94	216	6.01	x
94	217	6.448	x
94	218	6.777	x
94	219	7.283	x
94	220	7.337	x
94	221	6.437	x
94	222	5.623	x
94	223	5.069	x
94	224	4.475	x
94	225	4.239	x
94	226	3.74	x
94	227	3.427	x
94	228	2.929	x
94	229	2.949	x
94	230	3.067	x
94	231	3.049	x
94	232	3.229	x
94	233	3.498	x
94	234	3.833	x
94	235	4.088	x
94	236	4.495	x
94	237	5	x
94	238	5.265	x
94	239	5.735	x
94	240	5.982	x
94	241	6.354	x
94	242	6.415	x
94	243	6.655	x
94	244	6.589	x
94	245	6.926	x
94	246	7.07	x
94	247	7.121	x
94	248	6.797	x
94	249	6.585	x
94	250	6.172	x
94	251	5.943	x
94	252	5.629	x
94	253	5.639	x
94	254	5.406	x
94	255	5.403	x
94	256	5.14	x
94	257	4.828	x
94	258	4.266	x
94	259	4.044	x
94	260	3.958	x
94	261	4.085	x
94	262	3.938	x
94	263	4.103	x
94	264	3.908	x
94	265	4.245	x
94	266	4.587	x
94	267	4.634	x
94	268	4.702	x
94	269	5.267	x
94	270	5.738	x
94	271	6.212	x
94	272	6.18	x
94	273	6.323	x
94	274	6.201	x
94	275	6.353	x
94	276	6.151	x
94	277	6.075	x
94	278	5.723	x
94	279	4.964	x
94	280	4.432	x
94	281	4.124	x
94	282	4.075	x
94	283	4.288	x
94	284	4.239	x
94	285	4.473	x
94	286	4.491	x
94	287	4.687	x
94	288	4.587	x
94	289	4.728	x
94	290	4.647	x
94	291	4.679	x
94	292	4.468	x
94	293	4.317	x
94	294	4.033	x
94	295	3.844	x
94	296	3.512	x
94	297	3.336	x
94	298	3.044	x
94	299	3.176	x
94	300	3.276	x
94	301	3.578	x
94	302	3.694	x
94	303	3.886	x
94	304	3.962	x
94	305	4.152	x
94	306	4.217	x
94	307	4.404	x
94	308	4.345	x
94	309	4.361	x
94	310	4.119	x
94	311	4.197	x
94	312	4.101	x
95	212	2.403	x
95	213	3.131	x
95	214	3.568	x
95	215	4.03	x
95	216	4.56	x
95	217	4.807	x
95	218	5.318	x
95	219	5.596	x
95	220	6.188	x
95	221	6.231	x
95	222	5.459	x
95	223	4.736	x
95	224	4.327	x
95	225	3.804	x
95	226	3.608	x
95	227	2.913	x
95	228	2.71	x
95	229	2.498	x
95	230	2.456	x
95	231	2.506	x
95	232	2.649	x
95	233	2.79	x
95	234	3.273	x
95	235	3.799	x
95	236	4.331	x
95	237	4.801	x
95	238	5.34	x
95	239	5.665	x
95	240	6.121	x
95	241	6.337	x
95	242	6.721	x
95	243	6.797	x
95	244	6.99	x
95	245	6.801	x
95	246	6.879	x
95	247	6.831	x
95	248	6.907	x
95	249	6.59	x
95	250	6.369	x
95	251	5.872	x
95	252	5.787	x
95	253	5.411	x
95	254	5.448	x
95	255	5.19	x
95	256	5.172	x
95	257	4.892	x
95	258	4.589	x
95	259	4.066	x
95	260	4	x
95	261	3.864	x
95	262	3.987	x
95	263	3.917	x
95	264	4.169	x
95	265	4.009	x
95	266	4.242	x
95	267	4.481	x
95	268	4.506	x
95	269	4.476	x
95	270	4.882	x
95	271	5.256	x
95	272	5.625	x
95	273	5.564	x
95	274	5.812	x
95	275	5.609	x
95	276	5.851	x
95	277	5.488	x
95	278	5.083	x
95	279	4.642	x
95	280	4.076	x
95	281	3.517	x
95	282	3.63	x
95	283	3.462	x
95	284	3.709	x
95	285	3.74	x
95	286	3.97	x
95	287	3.948	x
95	288	4.199	x
95	289	4.186	x
95	290	4.686	x
95	291	4.615	x
95	292	4.761	x
95	293	4.614	x
95	294	4.401	x
95	295	4.146	x
95	296	3.965	x
95	297	3.659	x
95	298	3.525	x
95	299	3.343	x
95	300	3.6	x
95	301	3.691	x
95	302	3.988	x
95	303	4.114	x
95	304	4.334	x
95	305	4.43	x
95	306	4.62	x
95	307	4.643	x
95	308	4.659	x
95	309	4.436	x
95	310	4.416	x
95	311	4.204	x
95	312	4.254	x
95	313	4.158	x
95	314	4.185	x
95	315	4.011	x
96	215	3.038	x
96	216	3.305	x
96	217	3.78	x
96	218	4.091	x
96	219	4.591	x
96	220	4.99	x
96	221	5.62	x
96	222	5.639	x
96	223	4.85	x
96	224	4.165	x
96	225	3.689	x
96	226	3.024	x
96	227	2.685	x
96	228	2.11	x
96	229	1.991	x
96	230	1.873	x
96	231	2.004	x
96	232	2.097	x
96	233	2.241	x
96	234	2.613	x
96	235	3.235	x
96	236	3.813	x
96	237	4.339	x
96	238	4.917	x
96	239	5.48	x
96	240	5.847	x
96	241	6.322	x
96	242	6.561	x
96	243	6.967	x
96	244	6.917	x
96	245	7.129	x
96	246	7.016	x
96	247	7.105	x
96	248	6.803	x
96	249	6.558	x
96	250	6.248	x
96	251	6.091	x
96	252	5.682	x
96	253	5.571	x
96	254	5.204	x
96	255	5.222	x
96	256	4.999	x
96	257	4.972	x
96	258	4.689	x
96	259	4.366	x
96	260	4.152	x
96	261	4.074	x
96	262	3.882	x
96	263	3.917	x
96	264	3.847	x
96	265	4.012	x
96	266	3.986	x
96	267	4.324	x
96	268	4.398	x
96	269	4.531	x
96	270	4.452	x
96	271	4.65	x
96	272	4.952	x
96	273	5.22	x
96	274	5.174	x
96	275	5.448	x
96	276	5.334	x
96	277	5.533	x
96	278	5.341	x
96	279	5.127	x
96	280	4.398	x
96	281	3.305	x
96	282	2.837	x
96	283	2.719	x
96	284	2.592	x
96	285	2.854	x
96	286	2.809	x
96	287	3.052	x
96	288	3.144	x
96	289	3.413	x
96	290	3.577	x
96	291	3.975	x
96	292	4.141	x
96	293	4.448	x
96	294	4.264	x
96	295	4.261	x
96	296	4.009	x
96	297	3.894	x
96	298	3.612	x
96	299	3.778	x
96	300	3.865	x
96	301	4.018	x
96	302	4.112	x
96	303	4.378	x
96	304	4.488	x
96	305	4.701	x
96	306	4.839	x
96	307	4.914	x
96	308	4.751	x
96	309	4.722	x
96	310	4.51	x
96	311	4.479	x
96	312	4.343	x
96	313	4.423	x
96	314	4.308	x
96	315	4.285	x
96	316	4.145	x
96	317	4.18	x
96	318	3.97	x
97	218	2.899	x
97	219	3.156	x
97	220	3.648	x
97	221	3.928	x
97	222	4.486	x
97	223	4.662	x
97	224	3.984	x
97	225	3.44	x
97	226	2.844	x
97	227	2.175	x
97	228	2.167	x
97	229	1.926	x
97	230	1.722	x
97	231	1.64	x
97	232	1.806	x
97	233	1.941	x
97	234	2.273	x
97	235	2.71	x
97	236	3.37	x
97	237	3.995	x
97	238	4.552	x
97	239	5.16	x
97	240	5.76	x
97	241	6.142	x
97	242	6.627	x
97	243	6.911	x
97	244	7.279	x
97	245	7.22	x
97	246	7.32	x
97	247	7.177	x
97	248	7.271	x
97	249	7.003	x
97	250	6.592	x
97	251	6.211	x
97	252	6.006	x
97	253	5.593	x
97	254	5.496	x
97	255	5.101	x
97	256	5.095	x
97	257	4.805	x
97	258	4.58	x
97	259	4.512	x
97	260	4.42	x
97	261	4.213	x
97	262	4.025	x
97	263	3.802	x
97	264	3.796	x
97	265	3.721	x
97	266	3.738	x
97	267	3.703	x
97	268	4.07	x
97	269	4.094	x
97	270	4.318	x
97	271	4.192	x
97	272	4.332	x
97	273	4.493	x
97	274	4.767	x
97	275	4.688	x
97	276	4.926	x
97	277	4.711	x
97	278	4.864	x
97	279	4.697	x
97	280	4.61	x
97	281	3.874	x
97	282	2.951	x
97	283	2.167	x
97	284	2.089	x
97	285	1.998	x
97	286	2.293	x
97	287	2.43	x
97	288	2.705	x
97	289	2.835	x
97	290	3.126	x
97	291	3.325	x
97	292	3.683	x
97	293	3.845	x
97	294	4.208	x
97	295	4.096	x
97	296	4.141	x
97	297	3.979	x
97	298	4.048	x
97	299	3.993	x
97	300	4.171	x
97	301	4.196	x
97	302	4.418	x
97	303	4.428	x
97	304	4.594	x
97	305	4.656	x
97	306	4.946	x
97	307	4.898	x
97	308	4.995	x
97	309	4.839	x
97	310	4.822	x
97	311	4.697	x
97	312	4.605	x
97	313	4.441	x
97	314	4.531	x
97	315	4.453	x
97	316	4.451	x
97	317	4.28	x
97	318	4.307	x
97	319	4.08	x
97	320	4.06	x
97	321	3.775	x
98	221	3.093	x
98	222	3.39	x
98	223	3.894	x
98	224	4.041	x
98	225	3.408	x
98	226	2.654	x
98	227	1.988	x
98	228	1.393	x
98	229	1.582	x
98	230	1.576	x
98	231	1.668	x
98	232	1.573	x
98	233	1.505	x
98	234	1.643	x
98	235	2.104	x
98	236	2.69	x
98	237	3.341	x
98	238	4.014	x
98	239	4.638	x
98	240	5.216	x
98	241	5.829	x
98	242	6.16	x
98	243	6.553	x
98	244	6.689	x
98	245	6.986	x
98	246	7.156	x
98	247	7.352	x
98	248	7.239	x
98	249	7.312	x
98	250	7.093	x
98	251	6.642	x
98	252	6.066	x
98	253	5.616	x
98	254	5.266	x
98	255	5.207	x
98	256	4.823	x
98	257	4.556	x
98	258	4.429	x
98	259	4.572	x
98	260	4.636	x
98	261	4.541	x
98	262	4.297	x
98	263	4.06	x
98	264	3.814	x
98	265	3.765	x
98	266	3.684	x
98	267	3.64	x
98	268	3.65	x
98	269	3.984	x
98	270	4.095	x
98	271	4.268	x
98	272	4.178	x
98	273	4.107	x
98	274	4.295	x
98	275	4.564	x
98	276	4.504	x
98	277	4.677	x
98	278	4.469	x
98	279	4.652	x
98	280	4.532	x
98	281	4.474	x
98	282	3.816	x
98	283	2.863	x
98	284	2.003	x
98	285	1.505	x
98	286	1.273	x
98	287	1.51	x
98	288	1.697	x
98	289	1.995	x
98	290	2.212	x
98	291	2.518	x
98	292	2.694	x
98	293	3.052	x
98	294	3.213	x
98	295	3.593	x
98	296	3.728	x
98	297	3.942	x
98	298	3.854	x
98	299	4.043	x
98	300	4.099	x
98	301	4.266	x
98	302	4.278	x
98	303	4.426	x
98	304	4.482	x
98	305	4.625	x
98	306	4.636	x
98	307	4.855	x
98	308	4.811	x
98	309	4.915	x
98	310	4.764	x
98	311	4.834	x
98	312	4.563	x
98	313	4.619	x
98	314	4.466	x
98	315	4.562	x
98	316	4.496	x
98	317	4.489	x
98	318	4.301	x
98	319	4.302	x
98	320	4.178	x
98	321	4.107	x
98	322	3.858	x
98	323	3.837	x
98	324	4.019	x
98	325	3.862	x
99	224	2.29	x
99	225	2.507	x
99	226	1.798	x
99	227	0.981	x
99	228	1.012	x
99	229	0.703	x
99	230	1.301	x
99	231	1.305	x
99	232	1.439	x
99	233	1.462	x
99	234	1.564	x
99	235	1.832	x
99	236	2.377	x
99	237	2.964	x
99	238	3.593	x
99	239	4.318	x
99	240	4.951	x
99	241	5.323	x
99	242	5.702	x
99	243	5.984	x
99	244	6.281	x
99	245	6.529	x
99	246	6.897	x
99	247	7.066	x
99	248	7.44	x
99	249	7.379	x
99	250	7.48	x
99	251	7.241	x
99	252	6.79	x
99	253	6.215	x
99	254	5.674	x
99	255	5.045	x
99	256	5.012	x
99	257	4.5	x
99	258	4.322	x
99	259	4.429	x
99	260	4.645	x
99	261	4.682	x
99	262	4.596	x
99	263	4.323	x
99	264	4.064	x
99	265	3.811	x
99	266	3.707	x
99	267	3.595	x
99	268	3.508	x
99	269	3.503	x
99	270	3.818	x
99	271	3.853	x
99	272	4.08	x
99	273	3.964	x
99	274	4.057	x
99	275	3.815	x
99	276	4.172	x
99	277	4.102	x
99	278	4.27	x
99	279	4.02	x
99	280	4.124	x
99	281	3.948	x
99	282	3.995	x
99	283	3.39	x
99	284	2.597	x
99	285	1.753	x
99	286	1.455	x
99	287	1.212	x
99	288	1.397	x
99	289	1.626	x
99	290	1.799	x
99	291	2.064	x
99	292	2.395	x
99	293	2.565	x
99	294	2.767	x
99	295	2.999	x
99	296	3.225	x
99	297	3.425	x
99	298	3.762	x
99	299	3.954	x
99	300	4.209	x
99	301	4.256	x
99	302	4.416	x
99	303	4.421	x
99	304	4.526	x
99	305	4.588	x
99	306	4.695	x
99	307	4.672	x
99	308	4.726	x
99	309	4.724	x
99	310	4.804	x
99	311	4.68	x
99	312	4.778	x
99	313	4.673	x
99	314	4.704	x
99	315	4.575	x
99	316	4.669	x
99	317	4.55	x
99	318	4.568	x
99	319	4.39	x
99	320	4.558	x
99	321	4.388	x
99	322	4.249	x
99	323	4.012	x
99	324	4.009	x
99	325	3.833	x
99	326	4.125	x
99	327	3.74	x
99	328	3.906	x
100	226	2.84	x
100	227	2.082	x
100	228	0.8	x
100	229	0.902	x
100	230	0.792	x
100	231	0.853	x
100	232	1.246	x
100	233	1.386	x
100	234	1.456	x
100	235	1.559	x
100	236	1.87	x
100	237	2.388	x
100	238	2.877	x
100	239	3.494	x
100	240	4.143	x
100	241	4.502	x
100	242	4.88	x
100	243	5.29	x
100	244	5.568	x
100	245	5.942	x
100	246	6.133	x
100	247	6.481	x
100	248	6.729	x
100	249	7.118	x
100	250	7.221	x
100	251	7.378	x
100	252	7.157	x
100	253	6.735	x
100	254	6.245	x
100	255	5.722	x
100	256	5.111	x
100	257	4.749	x
100	258	4.516	x
100	259	4.539	x
100	260	4.616	x
100	261	4.684	x
100	262	4.819	x
100	263	4.752	x
100	264	4.495	x
100	265	4.231	x
100	266	3.939	x
100	267	3.74	x
100	268	3.601	x
100	269	3.582	x
100	270	3.578	x
100	271	3.865	x
100	272	3.908	x
100	273	4.137	x
100	274	4.061	x
100	275	4.123	x
100	276	3.77	x
100	277	4.13	x
100	278	4.062	x
100	279	4.247	x
100	280	4.034	x
100	281	4.131	x
100	282	3.926	x
100	283	3.963	x
100	284	3.431	x
100	285	2.579	x
100	286	1.71	x
100	287	1.286	x
100	288	1.169	x
100	289	1.31	x
100	290	1.605	x
100	291	1.846	x
100	292	2.133	x
100	293	2.473	x
100	294	2.662	x
100	295	2.867	x
100	296	2.99	x
100	297	3.234	x
100	298	3.481	x
100	299	3.858	x
100	300	4.002	x
100	301	4.231	x
100	302	4.294	x
100	303	4.438	x
100	304	4.345	x
100	305	4.407	x
100	306	4.459	x
100	307	4.524	x
100	308	4.405	x
100	309	4.504	x
100	310	4.504	x
100	311	4.597	x
100	312	4.52	x
100	313	4.655	x
100	314	4.538	x
100	315	4.626	x
100	316	4.496	x
100	317	4.628	x
100	318	4.552	x
100	319	4.566	x
100	320	4.58	x
100	321	4.757	x
100	322	4.506	x
100	323	4.531	x
100	324	4.197	x
100	325	4.268	x
100	326	4.107	x
100	327	4.508	x
100	328	4.254	x
100	329	4.324	x
100	330	3.977	x
101	229	0.698	x
101	230	0.837	x
101	231	0.74	x
101	232	0.891	x
101	233	1.034	x
101	234	1.3	x
101	235	1.567	x
101	236	1.718	x
101	237	2.006	x
101	238	2.493	x
101	239	2.856	x
101	240	3.246	x
101	241	3.645	x
101	242	4.087	x
101	243	4.457	x
101	244	4.801	x
101	245	5.114	x
101	246	5.47	x
101	247	5.742	x
101	248	6.035	x
101	249	6.237	x
101	250	6.701	x
101	251	6.979	x
101	252	7.227	x
101	253	7.015	x
101	254	6.611	x
101	255	6.131	x
101	256	5.689	x
101	257	5.095	x
101	258	4.839	x
101	259	4.667	x
101	260	4.924	x
101	261	4.988	x
101	262	5.049	x
101	263	5.119	x
101	264	4.885	x
101	265	4.595	x
101	266	4.31	x
101	267	3.989	x
101	268	3.754	x
101	269	3.573	x
101	270	3.537	x
101	271	3.469	x
101	272	3.746	x
101	273	3.773	x
101	274	3.993	x
101	275	3.919	x
101	276	4.002	x
101	277	3.667	x
101	278	3.853	x
101	279	3.723	x
101	280	3.946	x
101	281	3.721	x
101	282	3.782	x
101	283	3.515	x
101	284	3.599	x
101	285	3.113	x
101	286	2.365	x
101	287	1.526	x
101	288	1.259	x
101	289	1.147	x
101	290	1.382	x
101	291	1.71	x
101	292	1.991	x
101	293	2.28	x
101	294	2.629	x
101	295	2.69	x
101	296	2.951	x
101	297	3.125	x
101	298	3.487	x
101	299	3.74	x
101	300	3.967	x
101	301	4.126	x
101	302	4.358	x
101	303	4.306	x
101	304	4.459	x
101	305	4.377	x
101	306	4.389	x
101	307	4.407	x
101	308	4.388	x
101	309	4.293	x
101	310	4.323	x
101	311	4.361	x
101	312	4.501	x
101	313	4.457	x
101	314	4.586	x
101	315	4.536	x
101	316	4.634	x
101	317	4.519	x
101	318	4.683	x
101	319	4.625	x
101	320	4.709	x
101	321	4.746	x
101	322	4.901	x
101	323	4.813	x
101	324	4.79	x
101	325	4.468	x
101	326	4.568	x
101	327	4.42	x
101	328	4.908	x
101	329	4.62	x
101	330	4.662	x
102	232	0.828	x
102	233	0.747	x
102	234	0.966	x
102	235	1.028	x
102	236	1.271	x
102	237	1.59	x
102	238	2.048	x
102	239	2.345	x
102	240	2.552	x
102	241	2.821	x
102	242	3.18	x
102	243	3.578	x
102	244	3.941	x
102	245	4.318	x
102	246	4.624	x
102	247	4.978	x
102	248	5.243	x
102	249	5.609	x
102	250	5.834	x
102	251	6.249	x
102	252	6.498	x
102	253	6.925	x
102	254	6.76	x
102	255	6.383	x
102	256	5.94	x
102	257	5.52	x
102	258	4.979	x
102	259	5.003	x
102	260	4.93	x
102	261	5.261	x
102	262	5.115	x
102	263	5.258	x
102	264	5.359	x
102	265	5.402	x
102	266	5.015	x
102	267	4.715	x
102	268	4.187	x
102	269	3.957	x
102	270	3.745	x
102	271	3.695	x
102	272	3.658	x
102	273	3.933	x
102	274	3.947	x
102	275	4.221	x
102	276	4.111	x
102	277	4.223	x
102	278	3.858	x
102	279	3.931	x
102	280	3.843	x
102	281	4.068	x
102	282	3.799	x
102	283	4.016	x
102	284	3.721	x
102	285	3.8	x
102	286	3.212	x
102	287	2.406	x
102	288	1.611	x
102	289	1.286	x
102	290	0.983	x
102	291	1.199	x
102	292	1.623	x
102	293	1.887	x
102	294	2.192	x
102	295	2.54	x
102	296	2.624	x
102	297	2.951	x
102	298	3.168	x
102	299	3.535	x
102	300	3.657	x
102	301	3.864	x
102	302	4.064	x
102	303	4.296	x
102	304	4.191	x
102	305	4.416	x
102	306	4.231	x
102	307	4.237	x
102	308	4.125	x
102	309	4.118	x
102	310	4.108	x
102	311	4.123	x
102	312	4.148	x
102	313	4.296	x
102	314	4.271	x
102	315	4.388	x
102	316	4.378	x
102	317	4.486	x
102	318	4.441	x
102	319	4.583	x
102	320	4.564	x
102	321	4.642	x
102	322	4.782	x
102	323	5.079	x
102	324	4.989	x
102	325	4.98	x
102	326	4.816	x
102	327	5.056	x
102	328	4.997	x
102	329	5.501	x
102	330	5.066	x
103	235	1.073	x
103	236	1.176	x
103	237	1.441	x
103	238	1.748	x
103	239	1.945	x
103	240	2.12	x
103	241	2.276	x
103	242	2.46	x
103	243	2.785	x
103	244	3.185	x
103	245	3.494	x
103	246	3.888	x
103	247	4.194	x
103	248	4.504	x
103	249	4.806	x
103	250	5.259	x
103	251	5.547	x
103	252	5.971	x
103	253	6.269	x
103	254	6.701	x
103	255	6.602	x
103	256	6.266	x
103	257	5.898	x
103	258	5.519	x
103	259	5.212	x
103	260	5.391	x
103	261	5.372	x
103	262	5.518	x
103	263	5.484	x
103	264	5.729	x
103	265	5.969	x
103	266	6.029	x
103	267	5.634	x
103	268	5.224	x
103	269	4.814	x
103	270	4.359	x
103	271	3.956	x
103	272	3.778	x
103	273	3.695	x
103	274	3.939	x
103	275	3.943	x
103	276	4.211	x
103	277	4.131	x
103	278	4.226	x
103	279	3.868	x
103	280	3.757	x
103	281	3.648	x
103	282	3.907	x
103	283	3.622	x
103	284	3.861	x
103	285	3.581	x
103	286	3.614	x
103	287	2.995	x
103	288	2.261	x
103	289	1.606	x
103	290	1.316	x
103	291	1.039	x
103	292	1.221	x
103	293	1.515	x
103	294	1.886	x
103	295	2.195	x
103	296	2.509	x
103	297	2.676	x
103	298	2.935	x
103	299	3.236	x
103	300	3.588	x
103	301	3.743	x
103	302	4.015	x
103	303	4.08	x
103	304	4.271	x
103	305	4.224	x
103	306	4.395	x
103	307	4.363	x
103	308	4.228	x
103	309	4.142	x
103	310	4.027	x
103	311	3.987	x
103	312	4.072	x
103	313	4.063	x
103	314	4.199	x
103	315	4.207	x
103	316	4.337	x
103	317	4.377	x
103	318	4.556	x
103	319	4.527	x
103	320	4.676	x
103	321	4.631	x
103	322	4.774	x
103	323	4.899	x
103	324	5.275	x
103	325	5.182	x
103	326	5.278	x
103	327	5.18	x
103	328	5.407	x
103	329	5.308	x
103	330	5.996	x
104	238	1.112	x
104	239	1.284	x
104	240	1.526	x
104	241	1.668	x
104	242	1.822	x
104	243	2.014	x
104	244	2.283	x
104	245	2.539	x
104	246	2.954	x
104	247	3.334	x
104	248	3.636	x
104	249	3.947	x
104	250	4.362	x
104	251	4.765	x
104	252	5.086	x
104	253	5.527	x
104	254	5.871	x
104	255	6.242	x
104	256	6.261	x
104	257	6.021	x
104	258	5.652	x
104	259	5.487	x
104	260	5.358	x
104	261	5.556	x
104	262	5.589	x
104	263	5.611	x
104	264	5.788	x
104	265	6.272	x
104	266	6.433	x
104	267	6.435	x
104	268	6.027	x
104	269	5.602	x
104	270	5.104	x
104	271	4.716	x
104	272	4.283	x
104	273	4.059	x
104	274	3.815	x
104	275	4.059	x
104	276	4.104	x
104	277	4.43	x
104	278	4.373	x
104	279	4.448	x
104	280	4.101	x
104	281	4.171	x
104	282	4.124	x
104	283	4.427	x
104	284	4.221	x
104	285	4.19	x
104	286	3.947	x
104	287	3.956	x
104	288	3.235	x
104	289	2.378	x
104	290	1.805	x
104	291	1.365	x
104	292	1.108	x
104	293	1.244	x
104	294	1.266	x
104	295	1.61	x
104	296	1.939	x
104	297	2.245	x
104	298	2.551	x
104	299	2.699	x
104	300	3.118	x
104	301	3.416	x
104	302	3.573	x
104	303	3.798	x
104	304	3.905	x
104	305	4.09	x
104	306	4.105	x
104	307	4.341	x
104	308	4.184	x
104	309	4.115	x
104	310	4.013	x
104	311	3.934	x
104	312	3.864	x
104	313	3.891	x
104	314	3.883	x
104	315	4.006	x
104	316	4.034	x
104	317	4.242	x
104	318	4.309	x
104	319	4.503	x
104	320	4.459	x
104	321	4.61	x
104	322	4.564	x
104	323	4.932	x
104	324	5.095	x
104	325	5.414	x
104	326	5.396	x
104	327	5.577	x
104	328	5.548	x
104	329	5.757	x
104	330	5.68	x
105	241	1.306	x
105	242	1.441	x
105	243	1.546	x
105	244	1.679	x
105	245	1.937	x
105	246	2.182	x
105	247	2.587	x
105	248	2.883	x
105	249	3.212	x
105	250	3.532	x
105	251	4.008	x
105	252	4.444	x
105	253	4.806	x
105	254	5.255	x
105	255	5.669	x
105	256	6.05	x
105	257	6.221	x
105	258	6.013	x
105	259	5.765	x
105	260	5.813	x
105	261	5.759	x
105	262	5.939	x
105	263	5.896	x
105	264	6.08	x
105	265	6.356	x
105	266	6.8	x
105	267	6.993	x
105	268	7.004	x
105	269	6.591	x
105	270	6.131	x
105	271	5.618	x
105	272	5.175	x
105	273	4.686	x
105	274	4.453	x
105	275	4.002	x
105	276	4.159	x
105	277	4.206	x
105	278	4.478	x
105	279	4.477	x
105	280	4.557	x
105	281	4.347	x
105	282	4.311	x
105	283	4.205	x
105	284	4.587	x
105	285	4.366	x
105	286	4.399	x
105	287	3.856	x
105	288	3.788	x
105	289	3.058	x
105	290	2.353	x
105	291	1.784	x
105	292	0.901	x
105	293	1.108	x
105	294	1.234	x
105	295	1.158	x
105	296	1.484	x
105	297	1.819	x
105	298	2.169	x
105	299	2.445	x
105	300	2.754	x
105	301	3.099	x
105	302	3.376	x
105	303	3.479	x
105	304	3.735	x
105	305	3.818	x
105	306	4.074	x
105	307	4.143	x
105	308	4.207	x
105	309	4.091	x
105	310	3.965	x
105	311	3.892	x
105	312	3.896	x
105	313	3.822	x
105	314	3.868	x
105	315	3.89	x
105	316	4.046	x
105	317	4.103	x
105	318	4.31	x
105	319	4.313	x
105	320	4.403	x
105	321	4.466	x
105	322	4.597	x
105	323	4.854	x
105	324	5.304	x
105	325	5.425	x
105	326	5.772	x
105	327	5.737	x
105	328	5.994	x
105	329	5.921	x
105	330	6.181	x
106	244	1.147	x
106	245	1.271	x
106	246	1.436	x
106	247	1.73	x
106	248	2.107	x
106	249	2.379	x
106	250	2.672	x
106	251	3.161	x
106	252	3.59	x
106	253	4.022	x
106	254	4.44	x
106	255	4.863	x
106	256	5.295	x
106	257	5.698	x
106	258	5.925	x
106	259	5.816	x
106	260	5.842	x
106	261	5.877	x
106	262	5.914	x
106	263	6.172	x
106	264	5.98	x
106	265	6.273	x
106	266	6.691	x
106	267	7.078	x
106	268	7.288	x
106	269	7.304	x
106	270	6.917	x
106	271	6.482	x
106	272	5.939	x
106	273	5.484	x
106	274	4.958	x
106	275	4.703	x
106	276	4.387	x
106	277	4.431	x
106	278	4.386	x
106	279	4.632	x
106	280	4.628	x
106	281	5.064	x
106	282	4.82	x
106	283	4.831	x
106	284	4.749	x
106	285	5.054	x
106	286	4.911	x
106	287	4.91	x
106	288	4.441	x
106	289	4.149	x
106	290	3.422	x
106	291	2.601	x
106	292	1.973	x
106	293	0.023	x
106	294	0.02	x
106	295	1.012	x
106	296	1.009	x
106	297	1.097	x
106	298	1.423	x
106	299	1.867	x
106	300	2.144	x
106	301	2.453	x
106	302	2.827	x
106	303	3.118	x
106	304	3.247	x
106	305	3.517	x
106	306	3.628	x
106	307	3.854	x
106	308	3.922	x
106	309	4.031	x
106	310	3.917	x
106	311	3.937	x
106	312	3.759	x
106	313	3.721	x
106	314	3.693	x
106	315	3.816	x
106	316	3.849	x
106	317	4.042	x
106	318	4.102	x
106	319	4.186	x
106	320	4.133	x
106	321	4.216	x
106	322	4.214	x
106	323	4.382	x
106	324	4.871	x
106	325	5.422	x
106	326	5.549	x
106	327	5.905	x
106	328	5.939	x
106	329	6.189	x
106	330	6.132	x
107	247	1.13	x
107	248	1.327	x
107	249	1.697	x
107	250	1.909	x
107	251	2.452	x
107	252	2.877	x
107	253	3.271	x
107	254	3.736	x
107	255	4.104	x
107	256	4.538	x
107	257	5	x
107	258	5.413	x
107	259	5.656	x
107	260	5.866	x
107	261	6.01	x
107	262	6.197	x
107	263	6.202	x
107	264	6.395	x
107	265	6.341	x
107	266	6.712	x
107	267	6.975	x
107	268	7.203	x
107	269	7.602	x
107	270	7.692	x
107	271	7.387	x
107	272	6.941	x
107	273	6.379	x
107	274	5.928	x
107	275	5.299	x
107	276	5.128	x
107	277	4.796	x
107	278	4.818	x
107	279	4.73	x
107	280	5.048	x
107	281	5.075	x
107	282	5.394	x
107	283	5.096	x
107	284	5.121	x
107	285	5.032	x
107	286	5.453	x
107	287	5.293	x
107	288	5.36	x
107	289	4.935	x
107	290	4.741	x
107	291	4.146	x
107	292	2.658	x
107	293	2.698	x
107	294	0.023	x
107	295	0.018	x
107	296	0.871	x
107	297	1.016	x
107	298	0.843	x
107	299	1.251	x
107	300	1.667	x
107	301	1.933	x
107	302	2.322	x
107	303	2.688	x
107	304	2.959	x
107	305	3.075	x
107	306	3.291	x
107	307	3.388	x
107	308	3.621	x
107	309	3.754	x
107	310	3.796	x
107	311	3.787	x
107	312	3.747	x
107	313	3.609	x
107	314	3.567	x
107	315	3.513	x
107	316	3.689	x
107	317	3.759	x
107	318	3.998	x
107	319	3.994	x
107	320	4.134	x
107	321	4.03	x
107	322	4.066	x
107	323	4.126	x
107	324	4.614	x
107	325	4.965	x
107	326	5.516	x
107	327	5.694	x
107	328	6.021	x
107	329	6.152	x
107	330	6.503	x
108	250	1.016	x
108	251	1.546	x
108	252	1.97	x
108	253	2.39	x
108	254	2.817	x
108	255	3.219	x
108	256	3.636	x
108	257	4.006	x
108	258	4.537	x
108	259	4.928	x
108	260	5.386	x
108	261	5.647	x
108	262	5.878	x
108	263	6.006	x
108	264	6.126	x
108	265	6.262	x
108	266	6.256	x
108	267	6.475	x
108	268	6.586	x
108	269	7.037	x
108	270	7.368	x
108	271	7.493	x
108	272	7.299	x
108	273	6.932	x
108	274	6.445	x
108	275	6.076	x
108	276	5.519	x
108	277	5.683	x
108	278	5.499	x
108	279	5.177	x
108	280	5.267	x
108	281	5.616	x
108	282	5.511	x
108	283	5.763	x
108	284	5.739	x
108	285	6.005	x
108	286	5.893	x
108	287	6.435	x
108	288	6.247	x
108	289	6.239	x
108	290	5.828	x
108	291	5.588	x
108	292	5.023	x
108	293	4.021	x
108	294	3.307	x
108	295	2.619	x
108	296	0.008	x
108	297	0.83	x
108	298	0.704	x
108	299	0.395	x
108	300	0.85	x
108	301	1.217	x
108	302	1.489	x
108	303	1.859	x
108	304	2.229	x
108	305	2.59	x
108	306	2.717	x
108	307	2.927	x
108	308	3.03	x
108	309	3.343	x
108	310	3.455	x
108	311	3.475	x
108	312	3.432	x
108	313	3.376	x
108	314	3.217	x
108	315	3.232	x
108	316	3.184	x
108	317	3.322	x
108	318	3.414	x
108	319	3.65	x
108	320	3.642	x
108	321	3.784	x
108	322	3.689	x
108	323	3.818	x
108	324	3.93	x
108	325	4.581	x
108	326	4.922	x
108	327	5.438	x
108	328	5.57	x
108	329	5.922	x
108	330	6.108	x
109	253	1.59	x
109	254	1.963	x
109	255	2.371	x
109	256	2.763	x
109	257	3.217	x
109	258	3.575	x
109	259	4.203	x
109	260	4.651	x
109	261	5.131	x
109	262	5.483	x
109	263	5.697	x
109	264	5.905	x
109	265	5.879	x
109	266	5.884	x
109	267	6.038	x
109	268	6.28	x
109	269	6.695	x
109	270	7.14	x
109	271	7.487	x
109	272	7.675	x
109	273	7.407	x
109	274	7.107	x
109	275	6.591	x
109	276	6.159	x
109	277	5.634	x
109	278	5.436	x
109	279	5.309	x
109	280	5.474	x
109	281	5.48	x
109	282	5.791	x
109	283	5.883	x
109	284	6.304	x
109	285	6.222	x
109	286	6.512	x
109	287	6.512	x
109	288	6.961	x
109	289	6.556	x
109	290	6.507	x
109	291	6.103	x
109	292	5.86	x
109	293	5.259	x
109	294	4.38	x
109	295	3.777	x
109	296	3.057	x
109	297	2.239	x
109	298	1.124	x
109	299	0.062	x
109	300	0.13	x
109	301	0.067	x
109	302	0.835	x
109	303	1.155	x
109	304	1.57	x
109	305	1.902	x
109	306	2.231	x
109	307	2.452	x
109	308	2.646	x
109	309	2.755	x
109	310	3.025	x
109	311	3.209	x
109	312	3.228	x
109	313	3.056	x
109	314	3.028	x
109	315	2.87	x
109	316	2.916	x
109	317	2.857	x
109	318	3.037	x
109	319	3.079	x
109	320	3.33	x
109	321	3.349	x
109	322	3.477	x
109	323	3.5	x
109	324	3.725	x
109	325	4.14	x
109	326	4.622	x
109	327	4.985	x
109	328	5.441	x
109	329	5.478	x
109	330	5.832	x
110	256	1.759	x
110	257	2.118	x
110	258	2.684	x
110	259	3.152	x
110	260	3.697	x
110	261	4.17	x
110	262	4.678	x
110	263	4.989	x
110	264	5.269	x
110	265	5.349	x
110	266	5.34	x
110	267	5.475	x
110	268	5.484	x
110	269	5.953	x
110	270	6.454	x
110	271	6.922	x
110	272	7.312	x
110	273	7.477	x
110	274	7.267	x
110	275	6.902	x
110	276	6.487	x
110	277	6.092	x
110	278	5.594	x
110	279	5.639	x
110	280	5.692	x
110	281	5.857	x
110	282	5.938	x
110	283	6.457	x
110	284	6.704	x
110	285	7.252	x
110	286	7.265	x
110	287	7.445	x
110	288	7.453	x
110	289	7.613	x
110	290	7.333	x
110	291	7.208	x
110	292	6.732	x
110	293	6.463	x
110	294	5.851	x
110	295	4.914	x
110	296	4.39	x
110	297	3.508	x
110	298	2.747	x
110	299	2.066	x
110	300	0.586	x
110	301	0.221	x
110	302	0.238	x
110	303	0.229	x
110	304	0.614	x
110	305	1.039	x
110	306	1.355	x
110	307	1.748	x
110	308	2.043	x
110	309	2.206	x
110	310	2.462	x
110	311	2.825	x
110	312	2.88	x
110	313	2.87	x
110	314	2.755	x
110	315	2.72	x
110	316	2.549	x
110	317	2.564	x
110	318	2.463	x
110	319	2.646	x
110	320	2.679	x
110	321	2.885	x
110	322	2.98	x
110	323	3.192	x
110	324	3.259	x
110	325	3.673	x
110	326	4.023	x
110	327	4.533	x
110	328	5.026	x
110	329	5.04	x
110	330	5.386	x
111	259	2.32	x
111	260	2.709	x
111	261	3.196	x
111	262	3.618	x
111	263	4.214	x
111	264	4.418	x
111	265	4.752	x
111	266	4.724	x
111	267	4.797	x
111	268	4.879	x
111	269	5.104	x
111	270	5.705	x
111	271	6.128	x
111	272	6.616	x
111	273	6.961	x
111	274	7.197	x
111	275	7.009	x
111	276	6.711	x
111	277	6.367	x
111	278	6.059	x
111	279	5.7	x
111	280	6.014	x
111	281	6.028	x
111	282	6.366	x
111	283	6.642	x
111	284	7.262	x
111	285	7.555	x
111	286	8.06	x
111	287	7.867	x
111	288	7.9	x
111	289	7.982	x
111	290	8.118	x
111	291	7.862	x
111	292	7.785	x
111	293	7.201	x
111	294	6.876	x
111	295	6.207	x
111	296	5.382	x
111	297	4.787	x
111	298	3.89	x
111	299	3.362	x
111	300	2.554	x
111	301	1.786	x
111	302	1.272	x
111	303	0.128	x
111	304	0.155	x
111	305	0.527	x
111	306	0.677	x
111	307	0.94	x
111	308	1.365	x
111	309	1.664	x
111	310	1.928	x
111	311	2.209	x
111	312	2.581	x
111	313	2.639	x
111	314	2.586	x
111	315	2.505	x
111	316	2.52	x
111	317	2.291	x
111	318	2.341	x
111	319	2.215	x
111	320	2.448	x
111	321	2.377	x
111	322	2.539	x
111	323	2.597	x
111	324	2.905	x
111	325	3.273	x
111	326	3.805	x
111	327	4.236	x
111	328	4.733	x
111	329	4.948	x
111	330	5.147	x
112	262	2.655	x
112	263	3.148	x
112	264	3.613	x
112	265	3.794	x
112	266	4.045	x
112	267	4.112	x
112	268	4.063	x
112	269	4.251	x
112	270	4.724	x
112	271	5.175	x
112	272	5.634	x
112	273	6.096	x
112	274	6.511	x
112	275	6.711	x
112	276	6.595	x
112	277	6.355	x
112	278	5.991	x
112	279	5.785	x
112	280	5.887	x
112	281	6.253	x
112	282	6.506	x
112	283	6.994	x
112	284	7.409	x
112	285	8.003	x
112	286	8.241	x
112	287	8.402	x
112	288	8.526	x
112	289	8.59	x
112	290	8.742	x
112	291	8.825	x
112	292	8.58	x
112	293	8.444	x
112	294	7.958	x
112	295	7.601	x
112	296	6.933	x
112	297	6.027	x
112	298	5.517	x
112	299	4.373	x
112	300	4.317	x
112	301	3.094	x
112	302	2.3	x
112	303	1.539	x
112	304	0.957	x
112	305	0.548	x
112	306	0.051	x
112	307	0.092	x
112	308	0.424	x
112	309	0.859	x
112	310	1.282	x
112	311	1.574	x
112	312	2.026	x
112	313	2.301	x
112	314	2.369	x
112	315	2.335	x
112	316	2.254	x
112	317	2.27	x
112	318	2.055	x
112	319	2.116	x
112	320	1.963	x
112	321	2.188	x
112	322	2.102	x
112	323	2.246	x
112	324	2.452	x
112	325	2.773	x
112	326	3.036	x
112	327	3.561	x
112	328	4.103	x
112	329	4.543	x
112	330	4.765	x
113	266	3.063	x
113	267	3.254	x
113	268	3.25	x
113	269	3.376	x
113	270	3.8	x
113	271	4.261	x
113	272	4.772	x
113	273	5.221	x
113	274	5.696	x
113	275	6.088	x
113	276	6.378	x
113	277	6.314	x
113	278	6.056	x
113	279	6.122	x
113	280	6.412	x
113	281	6.664	x
113	282	6.982	x
113	283	7.354	x
113	284	7.928	x
113	285	8.33	x
113	286	8.723	x
113	287	8.754	x
113	288	8.92	x
113	289	9.139	x
113	290	9.277	x
113	291	9.334	x
113	292	9.44	x
113	293	9.047	x
113	294	8.878	x
113	295	8.341	x
113	296	7.969	x
113	297	7.265	x
113	298	6.422	x
113	299	5.888	x
113	300	4.794	x
113	301	4.195	x
113	302	3.757	x
113	303	2.935	x
113	304	1.923	x
113	305	1.339	x
113	306	0.734	x
113	307	0.499	x
113	308	0.307	x
113	309	0.365	x
113	310	0.79	x
113	311	0.85	x
113	312	1.257	x
113	313	1.704	x
113	314	2.001	x
113	315	2.109	x
113	316	2.219	x
113	317	2.094	x
113	318	2.125	x
113	319	1.911	x
113	320	1.95	x
113	321	1.798	x
113	322	1.964	x
113	323	1.858	x
113	324	2.017	x
113	325	2.245	x
113	326	2.599	x
113	327	2.881	x
113	328	3.435	x
113	329	3.909	x
113	330	4.261	x
114	269	2.756	x
114	270	2.971	x
114	271	3.373	x
114	272	3.789	x
114	273	4.264	x
114	274	4.688	x
114	275	5.147	x
114	276	5.532	x
114	277	5.85	x
114	278	6.546	x
114	279	6.975	x
114	280	7.128	x
114	281	7.178	x
114	282	7.332	x
114	283	7.652	x
114	284	8.091	x
114	285	8.816	x
114	286	8.996	x
114	287	9.233	x
114	288	9.183	x
114	289	9.612	x
114	290	9.888	x
114	291	9.965	x
114	292	9.983	x
114	293	9.888	x
114	294	9.529	x
114	295	9.353	x
114	296	8.874	x
114	297	8.469	x
114	298	7.815	x
114	299	6.919	x
114	300	6.432	x
114	301	5.246	x
114	302	4.681	x
114	303	3.504	x
114	304	3.682	x
114	305	2.361	x
114	306	1.825	x
114	307	0.944	x
114	308	0.708	x
114	309	0.534	x
114	310	0.57	x
114	311	0.743	x
114	312	0.79	x
114	313	1.044	x
114	314	1.467	x
114	315	1.743	x
114	316	1.916	x
114	317	1.969	x
114	318	1.915	x
114	319	1.85	x
114	320	1.457	x
114	321	1.447	x
114	322	1.321	x
114	323	1.532	x
114	324	1.63	x
114	325	1.721	x
114	326	2.047	x
114	327	2.397	x
114	328	2.749	x
114	329	3.175	x
114	330	3.498	x
115	272	3.08	x
115	273	3.468	x
115	274	3.861	x
115	275	4.289	x
115	276	4.753	x
115	277	5.196	x
115	278	5.613	x
115	279	6.505	x
115	280	6.695	x
115	281	6.817	x
115	282	7.183	x
115	283	7.597	x
115	284	8.177	x
115	285	8.581	x
115	286	8.962	x
115	287	9.205	x
115	288	9.417	x
115	289	9.287	x
115	290	9.527	x
115	291	9.602	x
115	292	9.757	x
115	293	9.869	x
115	294	9.93	x
115	295	9.574	x
115	296	9.364	x
115	297	8.808	x
115	298	8.376	x
115	299	7.676	x
115	300	6.75	x
115	301	6.271	x
115	302	5.165	x
115	303	4.58	x
115	304	3.546	x
115	305	2.986	x
115	306	2.445	x
115	307	1.992	x
115	308	1.251	x
115	309	1.046	x
115	310	0.665	x
115	311	0.603	x
115	312	0.665	x
115	313	0.661	x
115	314	0.786	x
115	315	1.114	x
115	316	1.423	x
115	317	1.65	x
115	318	1.62	x
115	319	1.495	x
115	320	1.379	x
115	321	1.011	x
115	322	0.815	x
115	323	0.847	x
115	324	1.236	x
115	325	1.512	x
115	326	1.58	x
115	327	1.756	x
115	328	2.097	x
115	329	2.504	x
115	330	3.079	x
116	275	3.315	x
116	276	3.794	x
116	277	4.248	x
116	278	4.906	x
116	279	5.348	x
116	280	6.207	x
116	281	6.414	x
116	282	6.657	x
116	283	7.16	x
116	284	7.647	x
116	285	8.227	x
116	286	8.466	x
116	287	8.757	x
116	288	9.024	x
116	289	8.947	x
116	290	8.943	x
116	291	9.077	x
116	292	9.255	x
116	293	9.35	x
116	294	9.456	x
116	295	9.49	x
116	296	9.101	x
116	297	8.864	x
116	298	8.273	x
116	299	7.867	x
116	300	7.175	x
116	301	6.223	x
116	302	5.739	x
116	303	4.625	x
116	304	4.075	x
116	305	3.021	x
116	306	2.546	x
116	307	1.747	x
116	308	1.73	x
116	309	0.927	x
116	310	0.724	x
116	311	0.44	x
116	312	0.412	x
116	313	0.631	x
116	314	0.612	x
116	315	0.612	x
116	316	0.898	x
116	317	1.285	x
116	318	1.466	x
116	319	1.356	x
116	320	1.159	x
116	321	1.091	x
116	322	0.627	x
116	323	0.531	x
116	324	0.634	x
116	325	0.97	x
116	326	1.239	x
116	327	1.286	x
116	328	1.496	x
116	329	1.837	x
116	330	2.199	x
117	278	4.136	x
117	279	4.827	x
117	280	5.213	x
117	281	6.009	x
117	282	6.305	x
117	283	6.693	x
117	284	7.271	x
117	285	7.792	x
117	286	8.341	x
117	287	8.7	x
117	288	8.566	x
117	289	8.607	x
117	290	8.901	x
117	291	8.876	x
117	292	8.989	x
117	293	8.962	x
117	294	9.041	x
117	295	9.063	x
117	296	9.168	x
117	297	8.768	x
117	298	8.482	x
117	299	7.871	x
117	300	7.424	x
117	301	6.784	x
117	302	5.829	x
117	303	5.354	x
117	304	4.244	x
117	305	3.661	x
117	306	2.661	x
117	307	2.257	x
117	308	2.043	x
117	309	1.771	x
117	310	1.354	x
117	311	1.066	x
117	312	0.484	x
117	313	0.237	x
117	314	0.429	x
117	315	0.49	x
117	316	0.503	x
117	317	0.497	x
117	318	0.895	x
117	319	1.074	x
117	320	0.983	x
117	321	0.726	x
117	322	0.547	x
117	323	0.153	x
117	324	0.239	x
117	325	0.253	x
117	326	0.653	x
117	327	0.792	x
117	328	1.098	x
117	329	1.152	x
117	330	1.505	x
118	281	4.728	x
118	282	5.485	x
118	283	5.878	x
118	284	6.31	x
118	285	6.851	x
118	286	7.373	x
118	287	8.118	x
118	288	8.323	x
118	289	8.847	x
118	290	8.39	x
118	291	8.415	x
118	292	8.407	x
118	293	8.528	x
118	294	8.48	x
118	295	8.458	x
118	296	8.361	x
118	297	8.487	x
118	298	8.052	x
118	299	7.758	x
118	300	7.154	x
118	301	6.67	x
118	302	6.013	x
118	303	5.077	x
118	304	4.538	x
118	305	3.378	x
118	306	2.896	x
118	307	2.609	x
118	308	2.495	x
118	309	2.413	x
118	310	1.953	x
118	311	1.62	x
118	312	1.428	x
118	313	1.03	x
118	314	0.809	x
118	315	0.425	x
118	316	0.384	x
118	317	0.353	x
118	318	0.376	x
118	319	0.723	x
118	320	0.904	x
118	321	0.837	x
118	322	0.568	x
118	323	0.359	x
118	324	0.373	x
118	325	0.386	x
118	326	0.269	x
118	327	0.357	x
118	328	0.497	x
118	329	0.791	x
118	330	0.913	x
119	284	5.509	x
119	285	6.193	x
119	286	6.698	x
119	287	7.344	x
119	288	7.898	x
119	289	8.063	x
119	290	7.62	x
119	291	7.796	x
119	292	8.052	x
119	293	8.125	x
119	294	8.294	x
119	295	8.064	x
119	296	8.069	x
119	297	7.941	x
119	298	8.101	x
119	299	7.716	x
119	300	7.367	x
119	301	6.709	x
119	302	6.219	x
119	303	5.544	x
119	304	4.64	x
119	305	4.078	x
119	306	2.94	x
119	307	3.083	x
119	308	3.089	x
119	309	2.928	x
119	310	2.854	x
119	311	2.442	x
119	312	1.994	x
119	313	1.752	x
119	314	1.566	x
119	315	1.348	x
119	316	1.004	x
119	317	0.926	x
119	318	0.574	x
119	319	0.441	x
119	320	0.545	x
119	321	0.534	x
119	322	0.644	x
119	323	0.632	x
119	324	0.563	x
119	325	0.616	x
119	326	0.6	x
119	327	0.424	x
119	328	0.342	x
119	329	0.146	x
119	330	0.445	x
120	287	6.352	x
120	288	6.853	x
120	289	7.348	x
120	290	7.702	x
120	291	8.26	x
120	292	7.361	x
120	293	7.437	x
120	294	7.574	x
120	295	7.714	x
120	296	7.691	x
120	297	7.543	x
120	298	7.333	x
120	299	7.476	x
120	300	7.01	x
120	301	6.682	x
120	302	6.065	x
120	303	5.55	x
120	304	4.855	x
120	305	3.801	x
120	306	3.223	x
120	307	3.1	x
120	308	3.151	x
120	309	3.128	x
120	310	2.961	x
120	311	2.879	x
120	312	2.506	x
120	313	2.065	x
120	314	1.841	x
120	315	1.686	x
120	316	1.583	x
120	317	1.311	x
120	318	1.189	x
120	319	0.915	x
120	320	0.813	x
120	321	0.8	x
120	322	0.805	x
120	323	0.786	x
120	324	0.681	x
120	325	0.537	x
120	326	0.581	x
120	327	0.546	x
120	328	0.494	x
120	329	0.523	x
120	330	0.402	x
121	290	7.065	x
121	291	6.456	x
121	292	6.823	x
121	293	6.888	x
121	294	7.307	x
121	295	7.034	x
121	296	7.19	x
121	297	7.155	x
121	298	7.053	x
121	299	6.994	x
121	300	7.1	x
121	301	6.661	x
121	302	6.309	x
121	303	5.643	x
121	304	5.111	x
121	305	4.403	x
121	306	3.376	x
121	307	2.624	x
121	308	2.896	x
121	309	2.961	x
121	310	2.922	x
121	311	2.754	x
121	312	2.716	x
121	313	2.351	x
121	314	1.972	x
121	315	1.735	x
121	316	1.515	x
121	317	1.451	x
121	318	1.356	x
121	319	1.254	x
121	320	1.037	x
121	321	0.89	x
121	322	0.898	x
121	323	0.89	x
121	324	0.709	x
121	325	0.615	x
121	326	0.499	x
121	327	0.57	x
121	328	0.631	x
121	329	0.175	x
121	330	0.699	x
122	294	6.323	x
122	295	6.543	x
122	296	6.532	x
122	297	6.308	x
122	298	6.328	x
122	299	6.284	x
122	300	6.193	x
122	301	6.229	x
122	302	5.6	x
122	303	5.514	x
122	304	4.87	x
122	305	4.329	x
122	306	3.615	x
122	307	2.597	x
122	308	1.819	x
122	309	2.446	x
122	310	2.41	x
122	311	2.378	x
122	312	2.259	x
122	313	2.251	x
122	314	1.818	x
122	315	1.543	x
122	316	1.459	x
122	317	1.181	x
122	318	1.184	x
122	319	1.025	x
122	320	0.948	x
122	321	0.744	x
122	322	0.767	x
122	323	0.741	x
122	324	0.656	x
122	325	0.484	x
122	326	0.461	x
122	327	0.352	x
122	328	0.381	x
122	329	0.494	x
122	330	0.413	x
123	297	6.092	x
123	298	5.839	x
123	299	5.599	x
123	300	5.544	x
123	301	5.452	x
123	302	5.45	x
123	303	5.01	x
123	304	4.926	x
123	305	4.251	x
123	306	3.686	x
123	307	2.954	x
123	308	1.938	x
123	309	1.144	x
123	310	2.097	x
123	311	2.014	x
123	312	1.897	x
123	313	1.808	x
123	314	1.809	x
123	315	1.378	x
123	316	1.358	x
123	317	1.312	x
123	318	1.01	x
123	319	0.824	x
123	320	0.627	x
123	321	0.533	x
123	322	0.484	x
123	323	0.598	x
123	324	0.576	x
123	325	0.569	x
123	326	0.453	x
123	327	0.355	x
123	328	0.286	x
123	329	0.332	x
123	330	0.461	x
124	300	5.643	x
124	301	5.77	x
124	302	5.627	x
124	303	5.448	x
124	304	4.124	x
124	305	3.898	x
124	306	3.316	x
124	307	2.742	x
124	308	2.006	x
124	309	1.847	x
124	310	1.748	x
124	311	1.739	x
124	312	1.665	x
124	313	1.452	x
124	314	1.352	x
124	315	1.266	x
124	316	1.1	x
124	317	0.961	x
124	318	0.779	x
124	319	0.392	x
124	320	0.132	x
124	321	0	x
124	322	0	x
124	323	0.207	x
124	324	0.336	x
124	325	0.465	x
124	326	0.426	x
124	327	0.48	x
124	328	0.369	x
124	329	0.357	x
124	330	0.162	x
125	303	5.635	x
125	304	5.449	x
125	305	4.927	x
125	306	4.442	x
125	307	3.714	x
125	308	1.811	x
125	309	1.078	x
125	310	1.964	x
125	311	1.803	x
125	312	1.984	x
125	313	1.58	x
125	314	1.822	x
125	315	1.74	x
125	316	1.578	x
125	317	1.112	x
125	318	0.791	x
125	319	0.448	x
125	320	0.081	x
125	321	0	x
125	322	0	x
125	323	0	x
125	324	0	x
125	325	0.194	x
125	326	0.354	x
125	327	0.318	x
125	328	0.398	x
125	329	0.327	x
125	330	0.308	x
126	306	4.686	x
126	307	4.094	x
126	308	3.513	x
126	309	2.6	x
126	310	1.8	x
126	311	2.076	x
126	312	1.873	x
126	313	1.853	x
126	314	1.75	x
126	315	2.008	x
126	316	1.841	x
126	317	1.671	x
126	318	1.169	x
126	319	0.908	x
126	320	0.361	x
126	321	0	x
126	322	0	x
126	323	0	x
126	324	0	x
126	325	0	x
126	326	0	x
126	327	0.134	x
126	328	0.261	x
126	329	0.468	x
126	330	0.506	x
127	310	2.629	x
127	311	2.076	x
127	312	2.152	x
127	313	1.932	x
127	314	2.024	x
127	315	2.073	x
127	316	2.264	x
127	317	2.048	x
127	318	1.563	x
127	319	1.112	x
127	320	1.003	x
127	321	0.472	x
127	322	0.123	x
127	323	0	x
127	324	0	x
127	325	0	x
127	326	0	x
127	327	0	x
127	328	0	x
127	329	0.112	x
127	330	0.389	x
128	313	1.998	x
128	314	1.714	x
128	315	2.097	x
128	316	2.113	x
128	317	2.147	x
128	318	1.929	x
128	319	1.572	x
128	320	1.263	x
128	321	0.927	x
128	322	0.666	x
128	323	0.362	x
128	324	0.119	x
128	325	0	x
128	326	0	x
128	327	0	x
128	328	0	x
128	329	0	x
128	330	0.18	x
129	316	2.046	x
129	317	2.013	x
129	318	1.932	x
129	319	1.807	x
129	320	1.587	x
129	321	1.314	x
129	322	1.121	x
129	323	0.897	x
129	324	0.495	x
129	325	0.241	x
129	326	0.001	x
129	327	0	x
129	328	0	x
129	329	0	x
129	330	0	x
130	319	2.03	x
130	320	1.906	x
130	321	1.686	x
130	322	1.221	x
130	323	1.176	x
130	324	0.845	x
130	325	0.447	x
130	326	0.203	x
130	327	0.025	x
130	328	0	x
130	329	0	x
130	330	0	x
