#  Z	A	Bin	Bout
78	223	5.3	30.5
78	224	5.5	31
78	225	5.7	30.5
78	226	6	30.7
78	227	6.6	30.9
78	228	6.1	32.3
78	229	6.6	33
78	230	6.3	33.7
78	231	X	34.2
78	232	X	34.6
78	233	X	34.9
78	234	X	35.8
78	246	5.2	37.7
78	258	14.5	44.2
79	223	4.2	28.8
79	224	4.4	28.2
79	225	4.3	28.7
79	226	4.7	28.3
79	227	5.1	28.6
79	228	4.9	28.3
79	229	5.3	30.2
79	230	5.7	30.8
79	231	5.6	31.7
79	232	X	32.4
79	233	X	32.5
79	234	X	33
79	235	X	33.5
79	236	5.2	33.8
79	246	4.8	36
79	247	5.7	37
79	248	6.2	36
79	258	14.5	41.6
79	259	15.3	43.2
79	260	16.8	44.3
80	198	10.1	27.1
80	223	4.3	25.8
80	224	4.1	27.1
80	225	4.5	26.8
80	226	4.4	26.9
80	227	5	26.6
80	228	3.9	26.8
80	229	4.3	27
80	230	4.9	28.2
80	231	5.4	28.8
80	232	5.2	29.7
80	233	5.8	30.4
80	234	X	30.4
80	235	X	31.1
80	236	X	31.4
80	237	X	31.8
80	238	4.7	31.8
80	246	4.4	33.9
80	247	4.9	34.1
80	248	5.8	35.1
80	249	6.2	34.2
80	250	7.3	35.4
80	258	13.8	39.6
80	259	14.9	40.3
80	260	15.9	42.1
80	261	17.4	43.3
80	262	18	45
81	200	12.2	25.5
81	201	13.5	27.1
81	223	4.6	24.4
81	224	3.2	22.9
81	225	3.4	23.8
81	226	4.1	24.6
81	227	4.2	25
81	228	4.5	24.6
81	229	4.4	24.8
81	230	4.8	24.8
81	231	4.7	26.1
81	232	5.3	26.4
81	233	5	27.3
81	234	5.8	28
81	235	4.5	27.9
81	236	X	28.7
81	237	X	28.9
81	238	X	28.9
81	239	X	28.6
81	240	X	27.6
81	246	4.4	31.3
81	247	5.2	32.5
81	248	5.8	32.7
81	249	6.4	33.8
81	250	6.5	32.4
81	251	7.8	34
81	252	8.6	34
81	258	14.1	37.1
81	259	14.9	38.8
81	260	16.3	39.5
81	261	17.1	41.3
81	262	18.5	42.3
81	263	19	44
81	264	20.5	45.4
82	204	15.7	27.2
82	205	17.1	28.4
82	206	17.8	29.5
82	207	19.5	31.1
82	208	19.7	31.7
82	223	4.7	22
82	224	4.8	23
82	225	3.6	21.5
82	226	3.9	23
82	227	4.1	22.9
82	228	4.3	22.9
82	229	4.8	22.7
82	230	4.6	23.1
82	231	5.2	22.7
82	232	5	23.4
82	233	5.5	24.6
82	234	5.1	25.5
82	235	5.8	25.6
82	236	5.2	26
82	237	5.6	26.6
82	238	4.9	27
82	239	X	26.8
82	240	X	25.9
82	241	X	25.7
82	242	X	26.7
82	246	3	28.1
82	247	3.4	28.1
82	248	4.3	28
82	249	5.3	30.1
82	250	5.8	31.2
82	251	6	30.5
82	252	7.3	32.1
82	253	8.2	32.3
82	254	9.2	33.3
82	258	13	35.1
82	259	14.1	35.6
82	260	15.1	37
82	261	16.3	37.8
82	262	17	39.5
82	263	18.5	40.7
82	264	18.9	42
82	265	20.7	43.9
82	266	21.2	44.5
83	206	16.2	24.9
83	207	16.9	26.1
83	208	18.6	27.4
83	209	18.5	28
83	210	18.5	27.7
83	223	5.2	20.8
83	224	4.2	19.3
83	225	4.1	20.1
83	226	4.1	19.6
83	227	3.1	20.3
83	228	4	20.7
83	229	4.1	20.8
83	230	4.5	20.7
83	231	4.3	20.9
83	232	4.8	20.5
83	233	4.5	21.7
83	234	5.3	22.3
83	235	4.7	22.7
83	236	5	23.1
83	237	4.5	23.3
83	238	5	24.1
83	239	4.6	24.5
83	240	4.8	24.2
83	241	2.5	23.4
83	242	X	23.6
83	243	X	23.7
83	244	2.6	23.5
83	246	X	24.9
83	247	3.2	24.7
83	248	3.6	26
83	249	4.5	25.9
83	250	5.2	26.3
83	251	6.2	29
83	252	6.1	28.2
83	253	7.3	29.7
83	254	8.2	30.3
83	255	9.1	30.9
83	256	10.1	32.5
83	258	11.9	32.5
83	259	12.8	33.2
83	260	13.7	33.3
83	261	14.5	34.4
83	262	15.8	35.4
83	263	16.4	36.9
83	264	18.1	38.1
83	265	18.5	39.5
83	266	20.1	41.4
83	267	20.3	42.1
84	207	14.5	21.2
84	208	15.1	22.2
84	209	16.8	23.9
84	210	17.1	25.5
84	211	16.7	24.2
84	212	14.9	23.6
84	213	14.8	23.4
84	214	13.4	22.5
84	215	12.4	21.6
84	216	11.2	20.9
84	217	10.2	20
84	218	9	19.4
84	219	8	18.5
84	220	7.1	18.3
84	221	5.9	17.2
84	222	5.5	17.6
84	223	3.7	16.6
84	224	3.7	16.8
84	225	4.1	17.4
84	226	3.9	17.8
84	227	4.2	17.9
84	228	3.9	18.7
84	229	4.4	18.9
84	230	4.2	19.2
84	231	4.6	18.6
84	232	4.7	18.9
84	233	5.4	18.8
84	234	4.9	19.9
84	235	5.4	19.3
84	236	5	20.7
84	237	5.3	20.9
84	238	4.8	21.2
84	239	5.4	22
84	240	5.1	22.3
84	241	5	22
84	242	4.5	21.6
84	243	4.7	21.4
84	244	X	21.5
84	245	X	21.3
84	246	5.2	21.5
84	247	X	21.5
84	248	X	22.1
84	249	X	22.3
84	250	6.6	23.5
84	251	7.2	23.8
84	252	X	24.8
84	253	X	25.4
84	254	X	26.9
84	255	X	27.2
84	256	X	28.9
84	257	X	29.5
84	258	X	29.3
84	259	10.8	30
84	260	11.6	30.1
84	261	12.7	30.5
84	262	13.8	31.8
84	263	15	32.2
84	264	15.5	34
84	265	16.8	35.5
84	266	17.3	37.3
84	267	18.9	38.7
84	268	19	39
85	209	14.4	19.9
85	210	16.1	21.6
85	211	16	22
85	212	15.3	20.7
85	213	13.5	19.7
85	214	13.4	20
85	215	12.1	19.3
85	216	11.2	18.4
85	217	9.9	17.7
85	218	8.9	16.9
85	219	7.9	16.3
85	220	6.9	15.5
85	221	6.3	15.4
85	222	5.7	15.1
85	223	5.1	14.9
85	224	4.5	14.8
85	225	4	14.7
85	226	3.8	14.8
85	227	3.8	15.2
85	228	3.9	15.6
85	229	3.9	16.3
85	230	4	16
85	231	4	16.7
85	232	4.8	16.5
85	233	4.7	16.7
85	234	5	17.3
85	235	4.9	17.2
85	236	5.1	17.5
85	237	5	17.8
85	238	5.4	18.4
85	239	4.8	18.6
85	240	5.3	19
85	241	4.9	19.4
85	242	4.5	19.1
85	243	4.3	19.1
85	244	4.4	18.9
85	245	X	19.1
85	246	5	19.2
85	247	5	19.6
85	248	4.8	19.5
85	249	X	19.7
85	250	X	20.2
85	251	X	21.2
85	252	7.1	21.6
85	253	7.5	22.5
85	254	X	22.9
85	255	X	24.4
85	256	X	25.2
85	257	X	26.4
85	258	11.3	26.2
85	259	11.8	27
85	260	X	27.4
85	261	11.2	28.1
85	262	12.1	28.2
85	263	13	29.1
85	264	14.1	29.8
85	265	14.7	31.2
85	266	15.8	32.3
85	267	16.4	34
85	268	17.9	35.6
85	269	18.1	36.3
86	216	10.1	15.2
86	217	9.9	15.4
86	218	8.7	14.8
86	219	7.7	13.9
86	220	6.7	13.4
86	221	5.8	12.8
86	222	5.1	12.7
86	223	4.7	12.6
86	224	4.3	12.2
86	225	4.2	12.2
86	226	3.9	12.1
86	227	3.9	12.2
86	228	3.8	12.8
86	229	4.1	13.4
86	230	4.1	13.8
86	231	4.4	14.2
86	232	4.4	14.7
86	233	4.9	15.2
86	234	4.9	16.3
86	235	5.2	15.1
86	236	5	16.2
86	237	5.4	15.7
86	238	5	16.3
86	239	5	16.4
86	240	4.8	16.6
86	241	5.2	17.3
86	242	4.7	17.1
86	243	5.1	16.8
86	244	4.4	16.9
86	245	4.6	16.9
86	246	4.7	17.1
86	247	5	17.1
86	248	4.9	17.5
86	249	5.2	17.9
86	250	4.9	17.7
86	251	5.3	18.1
86	252	5.8	18.7
86	253	6.5	19.5
86	254	7.1	20
86	255	6.9	20.4
86	256	8.1	21.5
86	257	8.7	23.4
86	258	9.9	23.8
86	259	10.7	24.6
86	260	11.1	24.5
86	261	11.8	25.3
86	262	12.2	25.8
86	263	12.7	24.8
86	264	13.6	26.7
86	265	13	27.2
86	266	13.6	28.5
86	267	14.9	29.7
86	268	15.4	31.5
86	269	16.7	32.9
86	270	16.9	33.5
87	210	11.3	14.1
87	211	11.8	14.9
87	212	13.7	17.1
87	213	13.3	17.1
87	214	13.3	17.3
87	215	11.6	15.9
87	216	10.9	15.4
87	217	9.5	14.5
87	218	8.6	13.8
87	219	7.4	13
87	220	6.5	12.4
87	221	5.9	12.3
87	222	5.4	12
87	223	4.9	11.8
87	224	4.6	12
87	225	4.5	10.4
87	226	4.3	10.4
87	227	3.8	10.4
87	228	3.9	10.4
87	229	3.7	10.4
87	230	4.2	10.8
87	231	4.1	11.1
87	232	4.6	11.5
87	233	4.6	12
87	234	4.9	12.4
87	235	4.9	13
87	236	5.4	13.5
87	237	5	14.5
87	238	5.2	14.5
87	239	4.9	14
87	240	5.2	13.9
87	241	4.7	14.1
87	242	5.2	14.4
87	243	4.6	14.5
87	244	4.9	14.4
87	245	4.4	14.6
87	246	4.9	14.4
87	247	4.6	14.7
87	248	4.8	15.5
87	249	4.7	15.1
87	250	4.6	16
87	251	4.7	16.4
87	252	4.9	15.8
87	253	5.1	17.2
87	254	5.9	17.5
87	255	5.8	18.3
87	256	6.2	18.5
87	257	7.5	18.9
87	258	7.7	19.3
87	259	8.7	21.6
87	260	9.4	21.8
87	261	9.9	23
87	262	10.9	22.9
87	263	11.1	23.4
87	264	11.7	22.2
87	265	12.2	23.6
87	266	12.2	23.5
87	267	12.7	26.2
87	268	13.9	26.9
87	269	14.3	28.6
87	270	15.9	30.1
87	271	15.9	30.9
88	222	6	9.3
88	223	5.7	9.3
88	224	5.1	9.1
88	225	4.5	9
88	226	4.1	8.8
88	227	3.8	8.9
88	228	3.6	9
88	229	4	9.4
88	230	3.9	9.2
88	231	4.4	9.5
88	232	4.5	9.5
88	233	4.9	9.4
88	234	4.8	9.7
88	235	5.4	9.9
88	236	5.2	10
88	237	5.5	10.9
88	238	5.3	11.2
88	239	5.7	11.4
88	240	5.1	12.7
88	241	5.3	12.5
88	242	5	12.5
88	243	5.3	12.1
88	244	5	12.3
88	245	5.1	12.4
88	246	4.7	12.4
88	247	4.6	12.6
88	248	4.7	12.8
88	249	4.9	12.2
88	250	4.6	14.1
88	251	4.6	13.6
88	252	4.5	14.4
88	253	4.7	14.4
88	254	4.9	14.1
88	255	5.3	15.1
88	256	5.7	15.9
88	257	6.1	15.9
88	258	6.9	16.1
88	259	7.5	16.6
88	260	8.6	19.3
88	261	9.5	20.3
88	262	9.6	20.2
88	263	10.4	20.9
88	264	11	21.1
88	265	11.6	22.1
88	266	11.9	21.2
88	267	12.5	21.2
88	268	11.8	23.7
88	269	13.1	24.4
88	270	13.4	26
88	271	14.7	27.4
88	272	14.9	28.5
89	218	7.6	8.6
89	219	6.8	8.1
89	220	6.8	7.9
89	221	5.8	7.5
89	222	6.4	8.1
89	223	5.2	7.1
89	224	5.4	8.2
89	225	5	8
89	226	4.4	7.9
89	227	4.1	7.7
89	228	4	8.1
89	229	3.8	8
89	230	4	8.1
89	231	4.1	8.3
89	232	4.8	8.6
89	233	4.6	8.5
89	234	5	8.8
89	235	5	8.7
89	236	5.6	9.2
89	237	5.3	9.3
89	238	5.9	9.7
89	239	5.3	9.7
89	240	5.7	9.7
89	241	5.4	9.9
89	242	5.8	10.8
89	243	5	9.9
89	244	5.3	10.8
89	245	4.7	9.8
89	246	4.9	11
89	247	4.3	9.7
89	248	5	9.6
89	249	4.4	9.5
89	250	4.3	9.9
89	251	4.4	12
89	252	4.7	10
89	253	4.2	10.5
89	254	4.8	10.7
89	255	4.5	11.3
89	256	4.8	11.7
89	257	4.9	12.4
89	258	5.7	13
89	259	5.9	14
89	260	6.5	14.5
89	261	7.9	15.4
89	262	8.8	16.4
89	263	8.8	17.3
89	264	9.5	18
89	265	9.9	19.4
89	266	10.6	19
89	267	10.4	18.7
89	268	11.7	18.4
89	269	12.5	20.1
89	270	13.6	21.5
89	271	12.3	22.6
89	272	13.7	24.6
89	273	13.5	25.9
90	220	5.5	6
90	221	6.2	6.4
90	222	5.5	5.5
90	223	5.8	6.4
90	224	4.1	7.6
90	225	4.2	8
90	226	3.9	8.2
90	227	4.1	6.4
90	228	3.9	6.4
90	229	4	6.9
90	230	4	6.8
90	231	4.1	7.2
90	232	4.5	7.1
90	233	5.1	6.8
90	234	4.9	7.5
90	235	5.5	7.6
90	236	5.3	7.9
90	237	5.8	8.2
90	238	5.6	8
90	239	6	8.6
90	240	5.7	9.6
90	241	5.8	9.3
90	242	5.4	9.2
90	243	5.7	9
90	244	5.2	8.9
90	245	5.4	8.9
90	246	5	8.3
90	247	5.1	8.3
90	248	4.7	8.8
90	249	5.2	8.5
90	250	4.7	9.7
90	251	4.9	8.2
90	252	4.3	8.3
90	253	4.7	10.1
90	254	4.2	10.3
90	255	4.5	8.7
90	256	4.1	10.5
90	257	4.7	9.4
90	258	4.7	10
90	259	5.3	11.7
90	260	5.6	11.5
90	261	6.2	12.1
90	262	7.2	13.7
90	263	8.3	14
90	264	8.3	15
90	265	9.1	15.3
90	266	9.5	16.1
90	267	10.4	16.8
90	268	10.4	16.1
90	269	10.9	18.1
90	270	11.8	17.4
90	271	12.6	18.3
90	272	13.2	20.5
90	273	14.8	22
90	274	15.3	23.5
91	228	X	4.6
91	229	4.2	5.3
91	230	4.2	6
91	231	4.1	5.8
91	232	4.7	5.9
91	233	4.7	6
91	234	5.4	5.3
91	235	5.1	5.7
91	236	5.6	5.7
91	237	5.4	6.7
91	238	5.8	5
91	239	5.5	7.9
91	240	6.1	6.1
91	241	5.7	7.9
91	242	6.3	7.7
91	243	5.4	7.6
91	244	5.7	7.5
91	245	5.3	7.2
91	246	5.6	7
91	247	4.8	6.9
91	248	5.3	6.4
91	249	4.7	6.5
91	250	5	6.5
91	251	4.3	6.2
91	252	4.4	7.5
91	253	4.3	7.5
91	254	4.3	7.4
91	255	3.8	6.3
91	256	4.4	8.5
91	257	3.9	8.2
91	258	4.2	8.4
91	259	4.1	8.8
91	260	4.6	9.2
91	261	4.5	7.9
91	262	5.5	8.8
91	263	6.5	10.3
91	264	7.5	11
91	265	7.7	12.1
91	266	8.2	12.3
91	267	8.4	13
91	268	9.2	14
91	269	9	14.3
91	270	10.1	15.5
91	271	10.6	14.8
91	272	11.5	15.5
91	273	12	16.9
91	274	13.1	19.1
91	275	14	20.5
91	276	13.5	19.8
91	277	12.6	18.7
92	230	3.8	3.9
92	231	4.1	4.3
92	232	4.2	4.2
92	233	4.7	4.4
92	234	4.8	4.4
92	235	5.4	4.1
92	236	5.2	4
92	237	5.7	4.3
92	238	5.7	4.9
92	239	6.1	5.5
92	240	6	6.3
92	241	6.3	5.7
92	242	5.9	6
92	243	6.4	5.4
92	244	5.9	5.4
92	245	5.9	5.6
92	246	5.6	5.4
92	247	5.8	5.7
92	248	5.3	5.4
92	249	5.5	5.6
92	250	4.9	5.4
92	251	5.2	5.7
92	252	4.7	5.4
92	253	5	5.5
92	254	4.3	6.2
92	255	4.2	5.9
92	256	4	6.1
92	257	4.2	6.8
92	258	4	6.3
92	259	4.2	6.3
92	260	4.2	6.7
92	261	4.6	7.2
92	262	3.9	5.3
92	263	4.6	6
92	264	6.1	7.6
92	265	7	9.5
92	266	7.2	9.9
92	267	8.2	10.6
92	268	7.9	10.5
92	269	9	11.2
92	270	8.8	11.8
92	271	10.2	12.5
92	272	9.9	13
92	273	11.1	13.8
92	274	11.4	14.9
92	275	12.2	15.8
92	276	12.9	17.7
92	277	12.8	17.7
92	278	11.8	16.6
92	279	11.6	16.2
92	280	10.9	15.2
93	231	4	3.1
93	232	4.4	3.3
93	233	4.3	3.3
93	234	5	3.6
93	235	4.9	3.6
93	236	5.7	3.9
93	237	5.4	3.8
93	238	6	3.8
93	239	5.9	3.9
93	240	6.3	4
93	241	6.1	4.2
93	242	6.4	4.5
93	243	6.1	4.6
93	244	6.5	4.8
93	245	6.1	4.7
93	246	6.2	5
93	247	5.8	4.8
93	248	5.4	5
93	249	5.2	4.7
93	250	5.3	4.7
93	251	4.8	4.4
93	252	5.2	4.6
93	253	4.5	4.4
93	254	4.8	4.6
93	255	4.3	4.2
93	256	4.4	4.2
93	257	3.9	4.4
93	258	4.1	4.4
93	259	3.7	4.6
93	260	3.8	4.6
93	261	3.8	3.2
93	262	3.9	3.5
93	263	3.9	3.1
93	264	4.2	3.4
93	265	4.2	3.9
93	266	6	5.9
93	267	6.3	7.2
93	268	7.3	7.7
93	269	7.1	7.9
93	270	7.8	8.9
93	271	7.7	9
93	272	8.8	10.3
93	273	7.9	10.9
93	274	9.8	12
93	275	10.2	12.4
93	276	11.2	12.7
93	277	10.7	13.8
93	278	10.4	14.8
93	279	9.6	14
93	280	9.9	12.7
93	281	9.1	12.8
93	282	9.3	10.9
93	283	8.7	11.8
93	284	9.3	9.8
93	285	8.7	8.9
93	286	8.9	8.8
93	287	8.4	9.1
93	288	8.9	9.4
93	289	8.6	9.4
93	290	9.4	9.9
93	291	9.3	11
94	232	3.6	2.2
94	233	4	2.5
94	234	4.2	2.7
94	235	4.7	2.9
94	236	4.8	2.7
94	237	5.5	2.9
94	238	5.4	2.9
94	239	5.8	2.9
94	240	5.8	3.4
94	241	6.4	3.3
94	242	6.2	3.6
94	243	6.7	3.8
94	244	6.4	3.9
94	245	6.7	4.2
94	246	6.2	4.1
94	247	6.3	4.4
94	248	5.9	4.3
94	249	6.2	4.4
94	250	5.5	4
94	251	5.6	4.3
94	252	5.2	4
94	253	5.5	4.2
94	254	5	3.8
94	255	4.8	3.8
94	256	4.5	3.5
94	257	4.6	3.6
94	258	4.2	3
94	259	4.3	3
94	260	3.8	2.4
94	261	3.6	2.4
94	262	3.8	2.2
94	263	4.2	2.3
94	264	3.8	2.7
94	265	3.7	2.6
94	266	4.1	3.2
94	267	6	5
94	268	5.9	5.8
94	269	6.7	6.8
94	270	6.6	6.9
94	271	7.3	7.9
94	272	7.1	7.9
94	273	8.1	9
94	274	8.4	9.6
94	275	9.5	10.1
94	276	9.4	10.2
94	277	10.5	11.2
94	278	10.8	11.4
94	279	10.3	11.1
94	280	9.2	9.6
94	281	9.2	9.4
94	282	8.3	8.9
94	283	8.3	8.7
94	284	8	8
94	285	8.5	7.3
94	286	7.7	7.1
94	287	7.7	7.4
94	288	7.1	7.1
94	289	8	7.4
94	290	7.6	8
94	291	8.1	8.6
94	292	8.4	9.1
94	293	9.1	9.3
94	294	9	9.8
94	295	9.6	12.1
94	296	9.5	10.5
94	297	9.9	10.9
94	298	10	11.1
94	299	10.5	11.6
94	300	10.1	11.5
95	233	3.7	1.6
95	234	4.3	1.8
95	235	4.5	2.1
95	236	4.9	2.3
95	237	5.1	2
95	238	5.7	2.1
95	239	5.7	2.3
95	240	6.3	2.7
95	241	6.3	2.7
95	242	6.8	3.1
95	243	6.5	3.1
95	244	6.9	3.3
95	245	6.6	3.4
95	246	6.9	3.5
95	247	6.5	3.5
95	248	6.5	3.7
95	249	6.2	3.5
95	250	6.1	3.6
95	251	5.8	3.4
95	252	5.8	3.6
95	253	5.4	3.2
95	254	5.3	3.4
95	255	4.7	3
95	256	4.8	3
95	257	4.6	2.7
95	258	4.5	2.5
95	259	4.1	2.3
95	260	4.3	2.1
95	261	3.9	1.7
95	262	4	1.4
95	263	3.6	1.3
95	264	3.8	0.9
95	265	3.5	1.3
95	266	3.9	1.8
95	267	3.4	1.8
95	268	5	3.6
95	269	5.3	4.3
95	270	6.1	5.2
95	271	6	5.6
95	272	6.7	6.5
95	273	6.2	6.3
95	274	7.2	6.5
95	275	7.4	6.7
95	276	8.4	7.7
95	277	8.5	8
95	278	9.5	9
95	279	9.3	9.4
95	280	8.8	9
95	281	7.8	7.6
95	282	7.9	7.8
95	283	7	6.4
95	284	7.6	7.2
95	285	6.9	6.1
95	286	7.3	6.3
95	287	6.4	5.7
95	288	6.5	5.3
95	289	5.8	5
95	290	6.7	5.5
95	291	6.9	6
95	292	7.5	5.4
95	293	7.6	7.5
95	294	7.9	7.6
95	295	8.3	8.2
95	296	9.1	8.6
95	297	8.9	8.8
95	298	9.3	9.4
95	299	9.3	9.5
95	300	9.9	9.8
95	301	9.6	9.9
95	302	9.9	10.2
95	303	9.6	10.1
96	234	3.5	X
96	235	3.9	X
96	236	4.1	X
96	237	4.6	X
96	238	4.9	X
96	239	5.5	X
96	240	5.5	1.2
96	241	6.2	1.6
96	242	6.1	1.7
96	243	6.6	2
96	244	6.4	2.1
96	245	6.7	2.5
96	246	6.5	2.4
96	247	6.7	2.6
96	248	6.5	2.6
96	249	6.7	2.9
96	250	6.1	2.7
96	251	6.4	3
96	252	5.9	2.6
96	253	5.5	2.9
96	254	5	2.5
96	255	5.2	2.6
96	256	4.7	2.3
96	257	4.9	2.2
96	258	4.5	1.9
96	259	4.5	1.7
96	260	4.2	1.5
96	261	4.2	1.3
96	262	3.7	0.7
96	263	3.6	0.6
96	264	3.2	0.3
96	265	3.6	0.2
96	266	3.1	X
96	267	3.3	X
96	268	3.1	X
96	269	4.7	2.6
96	270	4	2.3
96	271	5.7	4.1
96	272	5.5	4.2
96	273	6.1	5.4
96	274	5.8	4.4
96	275	6.6	5.2
96	276	6.6	5.5
96	277	7.6	6.5
96	278	7.8	7.3
96	279	8.6	8.3
96	280	7.8	8.3
96	281	8.3	8.1
96	282	5.7	6.6
96	283	7.4	6.8
96	284	6.4	5.9
96	285	6.7	5.6
96	286	6	4.7
96	287	6.4	X
96	288	5.6	4.1
96	289	5.6	3.9
96	290	4.9	3.2
96	291	5.3	3.4
96	292	5.7	4
96	293	6.3	4.4
96	294	6.7	4.8
96	295	7.3	5.2
96	296	7.4	6.9
96	297	8	7.5
96	298	8	6.4
96	299	8.6	7.2
96	300	8.3	6.7
96	301	8.5	7.3
96	302	8.4	7.8
96	303	9	4.9
96	304	8.5	7.9
96	305	8.9	8.1
96	306	8.6	8
97	236	4.3	X
97	237	4.6	X
97	238	5	X
97	239	5.3	X
97	240	6	X
97	241	5.9	X
97	242	6.3	X
97	243	6.4	X
97	244	6.8	1.2
97	245	6.7	1.3
97	246	7.2	1.6
97	247	6.9	1.8
97	248	7.1	2.1
97	249	6.9	1.9
97	250	7.1	2.2
97	251	6.6	2.1
97	252	6.4	2.3
97	253	5.9	2
97	254	5.8	2
97	255	5.2	1.8
97	256	5.3	1.9
97	257	4.9	1.4
97	258	5	1.4
97	259	4.5	1
97	260	4.5	0.6
97	261	4.2	X
97	262	4.2	X
97	263	3.8	X
97	264	3.8	X
97	265	3.3	X
97	266	3.2	X
97	267	3	X
97	268	2.9	X
97	269	2.8	X
97	270	3.2	X
97	271	3.1	X
97	272	5	X
97	273	4.6	2.3
97	274	5.4	2.9
97	275	5.3	3
97	276	5.6	3.4
97	277	5.6	3.7
97	278	6.6	5.2
97	279	6.6	5.4
97	280	7.3	6.2
97	281	7.5	6.3
97	282	7.1	5.9
97	283	5.8	5
97	284	5.3	4.9
97	285	4.5	4
97	286	4.7	4
97	287	3.8	3.2
97	288	5.5	X
97	289	4.4	2.1
97	290	4.7	1.9
97	291	3.8	1.5
97	292	4.8	1.9
97	293	4.8	2.6
97	294	5.1	3
97	295	6	3.4
97	296	5.9	7.8
97	297	4.9	6
97	298	5.4	7.9
97	299	5.5	7.5
97	300	5.9	7.9
97	301	6.1	7.7
97	302	6.1	7.8
97	303	6.1	8
97	304	6.4	8.4
97	305	6.2	8
97	306	6.5	8.1
97	307	6.4	8.1
97	308	6.9	8.4
98	238	4.1	X
98	239	4.5	X
98	240	4.8	X
98	241	5.5	X
98	242	5.5	X
98	243	6	X
98	244	6.1	X
98	245	6.7	X
98	246	6.5	X
98	247	6.9	X
98	248	6.7	X
98	249	6.9	X
98	250	6.7	1
98	251	7	1.4
98	252	6.2	1.2
98	253	6.3	1.5
98	254	5.7	1.1
98	255	5.8	1.2
98	256	5.2	1
98	257	5.2	1
98	258	4.8	0.7
98	259	4.9	X
98	260	4.5	X
98	261	4.3	X
98	262	4	X
98	263	4.1	X
98	264	3.6	X
98	265	3.6	X
98	266	3.1	X
98	267	2.9	X
98	268	2.5	X
98	269	2.7	X
98	270	2.4	X
98	271	2.7	X
98	272	2.8	X
98	273	4.2	X
98	274	4.2	X
98	275	5	1.9
98	276	5	2.1
98	277	5.3	2.5
98	278	5.3	3.3
98	279	6.1	4.3
98	280	6.1	4.6
98	281	7	5.3
98	282	6.8	5.4
98	283	6.5	5.2
98	284	5	3.9
98	285	5	3.9
98	286	4.2	3
98	287	4.4	X
98	288	3.6	X
98	289	3.9	X
98	290	2.9	X
98	291	3	X
98	292	2	X
98	293	3.3	X
98	294	3.8	X
98	295	4.3	3
98	296	5	2.9
98	297	5.5	3.1
98	298	5.7	1.9
98	299	6.1	2.3
98	300	6.2	4.4
98	301	6.8	4.8
98	302	6.6	4.8
98	303	5.9	7.2
98	304	5.6	7.3
98	305	6	7.4
98	306	6	6.8
98	307	6.4	7.4
98	308	6.1	7
98	309	6.4	7.3
98	310	6.2	7.1
99	240	4.6	X
99	241	5.2	X
99	242	5.8	X
99	243	5.7	X
99	244	6.6	X
99	245	6.5	X
99	246	7.1	X
99	247	6.7	X
99	248	7.3	X
99	249	7.1	X
99	250	7.6	X
99	251	7.3	X
99	252	6.9	X
99	253	6.5	X
99	254	6.5	X
99	255	6	X
99	256	6.1	X
99	257	5.6	X
99	258	5.4	X
99	259	5	X
99	260	4.8	X
99	261	4.6	X
99	262	4.5	X
99	263	4.1	X
99	264	4	X
99	265	3.6	X
99	266	3.6	X
99	267	3	X
99	268	2.9	X
99	269	2.3	X
99	270	2.3	X
99	271	2	X
99	272	2.4	X
99	273	2.1	X
99	274	3.6	X
99	275	3.9	X
99	276	4.4	X
99	277	3.6	X
99	278	4.4	X
99	279	4.4	1.4
99	280	5.1	2.4
99	281	5	2.5
99	282	6.2	3.8
99	283	5.9	3.5
99	284	5.3	1.8
99	285	4.8	2.3
99	286	4.7	2.4
99	287	3.7	X
99	288	4	X
99	289	3.2	X
99	290	3.6	X
99	291	2.6	X
99	292	2.4	X
99	293	2	X
99	294	2.1	X
99	295	2.5	X
99	296	2.8	X
99	297	3.6	X
99	298	4.5	X
99	299	4.6	X
99	300	5.1	X
99	301	5.1	X
99	302	5.4	X
99	303	5.4	X
99	304	5.7	X
99	305	5.8	X
99	306	6.3	X
99	307	6.3	X
99	308	6.6	X
99	309	6.2	X
99	310	6.4	X
99	311	6.5	X
99	312	6.8	X
100	242	4.7	X
100	243	5.1	X
100	244	5.3	X
100	245	5.7	X
100	246	5.9	X
100	247	6.5	X
100	248	6.3	X
100	249	6.8	X
100	250	6.7	X
100	251	6.8	X
100	252	6.3	X
100	253	6.4	X
100	254	5.8	X
100	255	6	X
100	256	5.5	X
100	257	5.6	X
100	258	5.1	X
100	259	5.2	X
100	260	4.8	X
100	261	4.7	X
100	262	4.4	X
100	263	4.1	X
100	264	3.8	X
100	265	3.8	X
100	266	3.3	X
100	267	3.2	X
100	268	2.7	X
100	269	2.6	X
100	270	2.2	X
100	271	2.2	X
100	272	1.8	X
100	273	2.3	X
100	274	1.8	X
100	275	3.1	X
100	276	2.6	X
100	277	4	X
100	278	3.3	X
100	279	4.2	X
100	280	4.3	X
100	281	5.2	X
100	282	5.1	X
100	283	6.3	2.9
100	284	6	2.7
100	285	5.5	2.1
100	286	4.3	1.2
100	287	4	1.1
100	288	3.4	X
100	289	3.5	X
100	290	2.7	X
100	291	2.9	X
100	292	2.1	X
100	293	1.9	X
100	294	1.6	X
100	295	1.7	X
100	296	2.1	X
100	297	3.1	X
100	298	3.4	X
100	299	4.1	X
100	300	4	X
100	301	4.7	X
100	302	4.7	X
100	303	5.1	X
100	304	5.3	X
100	305	5.4	X
100	306	5.9	X
100	307	5.8	X
100	308	6	X
100	309	6.4	X
100	310	7.3	X
100	311	6.3	X
100	312	6.4	X
100	313	8.3	X
100	314	8.4	X
101	244	5.4	X
101	245	5.3	X
101	246	6	X
101	247	5.9	X
101	248	6.4	X
101	249	6.5	X
101	250	6.6	X
101	251	6.4	X
101	252	6.8	X
101	253	6.4	X
101	254	6.5	X
101	255	6	X
101	256	6.2	X
101	257	5.7	X
101	258	6.1	X
101	259	5.3	X
101	260	5.3	X
101	261	5	X
101	262	4.8	X
101	263	4.5	X
101	264	4.3	X
101	265	4	X
101	266	3.6	X
101	267	3.2	X
101	268	3.1	X
101	269	2.6	X
101	270	2.2	X
101	271	1.9	X
101	272	1.7	X
101	273	1.4	X
101	274	1.8	X
101	275	1.3	X
101	276	2.4	X
101	277	1.9	X
101	278	3.2	X
101	279	3	X
101	280	3.9	X
101	281	3.4	X
101	282	4.7	X
101	283	4.5	X
101	284	5.7	X
101	285	5.3	X
101	286	5.3	X
101	287	4.2	X
101	288	3.4	X
101	289	2.7	X
101	290	3	X
101	291	2.2	X
101	292	2.4	X
101	293	1.6	X
101	294	1.2	X
101	295	1.7	X
101	296	1.9	X
101	297	2.8	X
101	298	3.1	X
101	299	3.6	X
101	300	4.2	X
101	301	4.3	X
101	302	4.7	X
101	303	5	X
101	304	5.3	X
101	305	5.7	X
101	306	5.6	X
101	307	6.4	X
101	308	6.1	X
101	309	7	X
101	310	7.5	X
101	311	7.3	X
101	312	6.6	X
101	313	6.5	X
101	314	8.5	X
101	315	7.8	X
101	316	8.2	X
102	246	4.9	X
102	247	5.6	X
102	248	5.4	X
102	249	6	X
102	250	5.8	X
102	251	6	X
102	252	5.8	X
102	253	6.2	X
102	254	5.7	X
102	255	5.8	X
102	256	5.6	X
102	257	5.8	X
102	258	5.3	X
102	259	5.5	X
102	260	5	X
102	261	5.1	X
102	262	4.8	X
102	263	4.6	X
102	264	4.3	X
102	265	4	X
102	266	3.7	X
102	267	3.6	X
102	268	3	X
102	269	2.5	X
102	270	2.5	X
102	271	2.3	X
102	272	1.7	X
102	273	1.7	X
102	274	1.3	X
102	275	1.7	X
102	276	1.3	X
102	277	1.7	X
102	278	1.7	X
102	279	3	X
102	280	2.8	X
102	281	4.6	X
102	282	3.8	X
102	283	4.8	X
102	284	4.9	X
102	285	6	X
102	286	5.6	X
102	287	5.5	X
102	288	4.1	X
102	289	4.2	X
102	290	2.4	X
102	291	2.5	X
102	292	1.7	X
102	293	2.2	X
102	294	1.2	X
102	295	0.9	X
102	296	1.1	X
102	297	2.2	X
102	298	2.6	X
102	299	2.8	X
102	300	3.3	X
102	301	3.8	X
102	302	3.9	X
102	303	4.4	X
102	304	4.6	X
102	305	5	X
102	306	5.4	X
102	307	5.7	X
102	308	6	X
102	309	5.7	X
102	310	6.5	X
102	311	7	X
102	312	7.1	X
102	313	6.2	X
102	314	7.3	X
102	315	7.8	X
102	316	7.6	X
102	317	8	X
102	318	7.7	X
103	248	5.8	X
103	249	5.4	X
103	250	5.7	X
103	251	5.8	X
103	252	6	X
103	253	5.9	X
103	254	6.3	X
103	255	5.9	X
103	256	6.1	X
103	257	5.8	X
103	258	6.1	X
103	259	5.6	X
103	260	5.7	X
103	261	5.2	X
103	262	5.4	X
103	263	4.9	X
103	264	4.9	X
103	265	4.4	X
103	266	4	X
103	267	3.7	X
103	268	3.7	X
103	269	3.1	X
103	270	2.9	X
103	271	2.4	X
103	272	2.2	X
103	273	1.6	X
103	274	1.4	X
103	275	1.1	X
103	276	1.2	X
103	277	0.9	X
103	278	1.3	X
103	279	1.2	X
103	280	2.4	X
103	281	2.5	X
103	282	3.7	X
103	283	3.3	X
103	284	4.2	X
103	285	4.1	X
103	286	5.3	X
103	287	4.9	X
103	288	4.8	X
103	289	4.2	X
103	290	4	X
103	291	1.7	X
103	292	2.1	X
103	293	1.2	X
103	294	1.3	X
103	295	0.3	X
103	296	0.3	X
103	297	1.9	X
103	298	2.2	X
103	299	2.6	X
103	300	2.9	X
103	301	3.3	X
103	302	3.8	X
103	303	4	X
103	304	4.4	X
103	305	4.7	X
103	306	4.9	X
103	307	5.3	X
103	308	5.8	X
103	309	6.1	X
103	310	6.6	X
103	311	6.7	X
103	312	7	X
103	313	7.1	X
103	314	7.6	X
103	315	7.5	X
103	316	7.9	X
103	317	7.7	X
103	318	8.1	X
104	250	4.5	X
104	251	4.9	X
104	252	4.9	X
104	253	5.1	X
104	254	5.3	X
104	255	5.6	X
104	256	5.3	X
104	257	5.6	X
104	258	5.2	X
104	259	5.3	X
104	260	5	X
104	261	5	X
104	262	4.7	X
104	263	4.6	X
104	264	4.4	X
104	265	4.4	X
104	266	4	X
104	267	3.6	X
104	268	3.3	X
104	269	3	X
104	270	2.5	X
104	271	2.6	X
104	272	1.9	X
104	273	2	X
104	274	1.3	X
104	275	1.5	X
104	276	0.8	X
104	277	1.3	X
104	278	1	X
104	279	1.5	X
104	280	1.6	X
104	281	2.7	X
104	282	2.7	X
104	283	3.9	X
104	284	3.7	X
104	285	5	X
104	286	4.7	X
104	287	5.8	X
104	288	5.6	X
104	289	4.8	X
104	290	4	X
104	291	3.9	X
104	292	2.9	X
104	293	2.9	X
104	294	1.9	X
104	295	1.9	X
104	296	0.4	X
104	297	1	X
104	298	1.5	X
104	299	1.9	X
104	300	2.1	X
104	301	2.3	X
104	302	2.9	X
104	303	3.3	X
104	304	3.4	X
104	305	4.1	X
104	306	4.3	X
104	307	4.5	X
104	308	5	X
104	309	5.4	X
104	310	5.6	X
104	311	6.1	X
104	312	6.2	X
104	313	6.6	X
104	314	6.6	X
104	315	7	X
104	316	7	X
104	317	7.5	X
104	318	7.3	X
105	252	4.7	X
105	253	4.7	X
105	254	5	X
105	255	5.2	X
105	256	5.7	X
105	257	5.5	X
105	258	5.6	X
105	259	5.2	X
105	260	5.3	X
105	261	5.1	X
105	262	5.2	X
105	263	4.9	X
105	264	4.9	X
105	265	4.6	X
105	266	4.5	X
105	267	4.2	X
105	268	4.1	X
105	269	3.7	X
105	270	3.1	X
105	271	2.8	X
105	272	2.8	X
105	273	1.8	X
105	274	2	X
105	275	1.4	X
105	276	1.2	X
105	277	1.9	X
105	278	1.9	X
105	279	1.5	X
105	280	1.9	X
105	281	1.5	X
105	282	2	X
105	283	2.1	X
105	284	3	X
105	285	3.3	X
105	286	4.5	X
105	287	4.2	X
105	288	5.3	X
105	289	4.6	X
105	290	4.7	X
105	291	3.7	X
105	292	3.8	X
105	293	2.7	X
105	294	2.9	X
105	295	1.8	X
105	296	1.7	X
105	297	0.7	X
105	298	1	X
105	299	1.5	X
105	300	1.8	X
105	301	1.9	X
105	302	2.1	X
105	303	2.7	X
105	304	2.9	X
105	305	3.3	X
105	306	3.9	X
105	307	4	X
105	308	4.4	X
105	309	5.1	X
105	310	5.6	X
105	311	5.6	X
105	312	6	X
105	313	6	X
105	314	6.5	X
105	315	6.5	X
105	316	6.9	X
105	317	6.9	X
105	318	7.2	X
106	254	4	X
106	255	4.3	X
106	256	4.4	X
106	257	4.9	X
106	258	4.7	X
106	259	4.9	X
106	260	4.6	X
106	261	4.7	X
106	262	4.3	X
106	263	4.4	X
106	264	4.2	X
106	265	4.3	X
106	266	3.9	X
106	267	3.8	X
106	268	3.7	X
106	269	3.8	X
106	270	3.3	X
106	271	3	X
106	272	2.3	X
106	273	2.5	X
106	274	1.4	X
106	275	1.7	X
106	276	1	X
106	277	1.2	X
106	278	0.7	X
106	279	1.4	X
106	280	1.2	X
106	281	1.8	X
106	282	1.6	X
106	283	2.7	X
106	284	2.5	X
106	285	3.5	X
106	286	3.7	X
106	287	5.1	X
106	288	4.8	X
106	289	5.7	X
106	290	5.1	X
106	291	4.8	X
106	292	3.8	X
106	293	4.2	X
106	294	3.4	X
106	295	2.9	X
106	296	2	X
106	297	1.9	X
106	298	0.8	X
106	299	0.5	X
106	300	1	X
106	301	1.3	X
106	302	1.5	X
106	303	2.1	X
106	304	2.3	X
106	305	2.6	X
106	306	2.9	X
106	307	3.4	X
106	308	3.7	X
106	309	4.2	X
106	310	4.6	X
106	311	4.8	X
106	312	5	X
106	313	5.5	X
106	314	5.5	X
106	315	6	X
106	316	6	X
106	317	6.3	X
106	318	6.2	X
107	256	4.2	X
107	257	4.4	X
107	258	4.7	X
107	259	4.6	X
107	260	4.8	X
107	261	4.6	X
107	262	4.8	X
107	263	4.5	X
107	264	4.5	X
107	265	4.4	X
107	266	4.6	X
107	267	4.5	X
107	268	4.3	X
107	269	3.9	X
107	270	4	X
107	271	3.7	X
107	272	3.7	X
107	273	2.4	X
107	274	2.7	X
107	275	1.9	X
107	276	2.1	X
107	277	1.3	X
107	278	1.4	X
107	279	1.1	X
107	280	1.5	X
107	281	1.4	X
107	282	1.8	X
107	283	1.6	X
107	284	2.3	X
107	285	2.2	X
107	286	3	X
107	287	3.1	X
107	288	4.3	X
107	289	4	X
107	290	5.2	X
107	291	4.6	X
107	292	4.6	X
107	293	3.5	X
107	294	4	X
107	295	2.7	X
107	296	2.8	X
107	297	2	X
107	298	1.6	X
107	299	0.7	X
107	300	0.2	X
107	301	0.9	X
107	302	1.3	X
107	303	1.6	X
107	304	1.8	X
107	305	2.2	X
107	306	2.6	X
107	307	2.8	X
107	308	3.3	X
107	309	3.5	X
107	310	4.1	X
107	311	4.3	X
107	312	4.8	X
107	313	4.8	X
107	314	5.3	X
107	315	5.3	X
107	316	5.6	X
107	317	5.8	X
107	318	6.2	X
108	258	3.3	X
108	259	3.6	X
108	260	3.5	X
108	261	3.8	X
108	262	3.6	X
108	263	3.9	X
108	264	3.7	X
108	265	3.9	X
108	266	3.5	X
108	267	3.5	X
108	268	3.4	X
108	269	3.5	X
108	270	3.4	X
108	271	3.6	X
108	272	2.6	X
108	273	2.9	X
108	274	2.5	X
108	275	2.1	X
108	276	1.9	X
108	277	1.6	X
108	278	1.3	X
108	279	1.4	X
108	280	1.2	X
108	281	1.6	X
108	282	1.3	X
108	283	2.1	X
108	284	1.9	X
108	285	2.7	X
108	286	2.5	X
108	287	4	X
108	288	3.8	X
108	289	5	X
108	290	4.9	X
108	291	6.2	X
108	292	5.6	X
108	293	5.3	X
108	294	4.2	X
108	295	4.4	X
108	296	3.1	X
108	297	3.2	X
108	298	2.2	X
108	299	1.9	X
108	300	0.9	X
108	301	0.3	X
108	302	0.1	X
108	303	0.9	X
108	304	1.2	X
108	305	1.2	X
108	306	1.6	X
108	307	1.9	X
108	308	2.3	X
108	309	2.7	X
108	310	2.9	X
108	311	3.4	X
108	312	3.5	X
108	313	3.9	X
108	314	4.1	X
108	315	4.3	X
108	316	4.4	X
108	317	4.8	X
108	318	5	X
109	260	2.8	X
109	261	2.8	X
109	262	3.1	X
109	263	2.9	X
109	264	3.1	X
109	265	2.4	X
109	266	3.4	X
109	267	2.8	X
109	268	3.1	X
109	269	3.2	X
109	270	3.4	X
109	271	3.3	X
109	272	3	X
109	273	2.7	X
109	274	3.1	X
109	275	2.6	X
109	276	2.3	X
109	277	2.1	X
109	278	1.8	X
109	279	1.6	X
109	280	1.7	X
109	281	1.4	X
109	282	1.8	X
109	283	1.6	X
109	284	2.1	X
109	285	1.7	X
109	286	2.7	X
109	287	2.6	X
109	288	4.4	X
109	289	4.2	X
109	290	5	X
109	291	4.9	X
109	292	5.8	X
109	293	5.5	X
109	294	5.3	X
109	295	4.4	X
109	296	4.4	X
109	297	3.3	X
109	298	3.4	X
109	299	2.2	X
109	300	2	X
109	301	1.2	X
109	302	0.5	X
109	303	X	X
109	304	X	X
109	305	0.7	X
109	306	0.8	X
109	307	1.4	X
109	308	1.8	X
109	309	2	X
109	310	2.5	X
109	311	2.2	X
109	312	3	X
109	313	3.1	X
109	314	3.6	X
109	315	3.6	X
109	316	4	X
109	317	4.1	X
109	318	4.3	X
110	262	1.6	X
110	263	2	X
110	264	1.6	X
110	265	1.9	X
110	266	1.9	X
110	267	2.2	X
110	268	2.1	X
110	269	2.3	X
110	270	1.8	X
110	271	2.2	X
110	272	2.2	X
110	273	2.8	X
110	274	1.8	X
110	275	2.3	X
110	276	2.1	X
110	277	2	X
110	278	1.7	X
110	279	2	X
110	280	1.6	X
110	281	1.8	X
110	282	1.5	X
110	283	2.3	X
110	284	1.7	X
110	285	2.6	X
110	286	3.1	X
110	287	4.2	X
110	288	4.1	X
110	289	5.1	X
110	290	5	X
110	291	6	X
110	292	5.6	X
110	293	6.6	X
110	294	6	X
110	295	5.9	X
110	296	5.3	X
110	297	4.4	X
110	298	3.7	X
110	299	3.2	X
110	300	2.3	X
110	301	2.1	X
110	302	1.1	X
110	303	0.8	X
110	304	0.2	X
110	305	0.1	X
110	306	X	X
110	307	0.5	X
110	308	0.9	X
110	309	1.2	X
110	310	1.4	X
110	311	1.8	X
110	312	1.8	X
110	313	2.5	X
110	314	2.5	X
110	315	3.1	X
110	316	3	X
110	317	3.3	X
110	318	3.5	X
111	264	1.2	X
111	265	1	X
111	266	1.3	X
111	267	0.7	X
111	268	0.9	X
111	269	1.2	X
111	270	1.7	X
111	271	2.2	X
111	272	1.5	X
111	273	1.7	X
111	274	2.3	X
111	275	2	X
111	276	2.4	X
111	277	1.6	X
111	278	2.1	X
111	279	2	X
111	280	1.9	X
111	281	1.7	X
111	282	2.1	X
111	283	1.8	X
111	284	2.4	X
111	285	2.4	X
111	286	4.1	X
111	287	3.8	X
111	288	4.9	X
111	289	4.8	X
111	290	5.6	X
111	291	5.5	X
111	292	6.5	X
111	293	6.2	X
111	294	6.9	X
111	295	6.4	X
111	296	5.7	X
111	297	5	X
111	298	4.4	X
111	299	3.8	X
111	300	3.4	X
111	301	2.6	X
111	302	2.2	X
111	303	1.5	X
111	304	0.9	X
111	305	0.4	X
111	306	X	X
111	307	X	X
111	308	0.4	X
111	309	0.4	X
111	310	0.7	X
111	311	1	X
111	312	1.3	X
111	313	1.3	X
111	314	2	X
111	315	2	X
111	316	2.5	X
111	317	2.5	X
111	318	2.9	X
112	266	0.5	X
112	267	0.9	X
112	268	X	X
112	269	0.2	X
112	270	0.8	X
112	271	1.1	X
112	272	1.3	X
112	273	1.6	X
112	274	2	X
112	275	2.3	X
112	276	1.6	X
112	277	2	X
112	278	1.9	X
112	279	1.8	X
112	280	1.6	X
112	281	1.9	X
112	282	1.8	X
112	283	2.2	X
112	284	2.2	X
112	285	2.7	X
112	286	3.6	X
112	287	4.3	X
112	288	4.8	X
112	289	5.6	X
112	290	5.8	X
112	291	6.5	X
112	292	6.4	X
112	293	7.1	X
112	294	6.9	X
112	295	6.9	X
112	296	6.5	X
112	297	6.3	X
112	298	5.7	X
112	299	5.2	X
112	300	4.5	X
112	301	3.8	X
112	302	3.1	X
112	303	2.5	X
112	304	1.9	X
112	305	1.2	X
112	306	0.7	X
112	307	X	X
112	308	X	X
112	309	X	X
112	310	X	X
112	311	0.1	X
112	312	0.4	X
112	313	0.8	X
112	314	0.9	X
112	315	1.4	X
112	316	1.5	X
112	317	2	X
112	318	1.9	X
113	268	X	X
113	269	0.4	X
113	270	0.7	X
113	271	1.2	X
113	272	1.6	X
113	273	1.9	X
113	274	1.9	X
113	275	2.1	X
113	276	2.6	X
113	277	1.8	X
113	278	2.5	X
113	279	2.4	X
113	280	2.3	X
113	281	2.2	X
113	282	2.4	X
113	283	2.5	X
113	284	3.2	X
113	285	2.8	X
113	286	3.2	X
113	287	4.4	X
113	288	5	X
113	289	5.7	X
113	290	6.3	X
113	291	6.3	X
113	292	7.2	X
113	293	7.3	X
113	294	7.4	X
113	295	7.1	X
113	296	7.4	X
113	297	6.7	X
113	298	6.3	X
113	299	5.9	X
113	300	5.5	X
113	301	4.7	X
113	302	4.2	X
113	303	3.4	X
113	304	2.7	X
113	305	2.1	X
113	306	1.6	X
113	307	0.9	X
113	308	0.6	X
113	309	0.4	X
113	310	0.1	X
113	311	0.1	X
113	312	X	X
113	313	X	X
113	314	0.5	X
113	315	X	X
113	316	1.1	X
113	317	1	X
113	318	1.4	X
114	270	0.3	X
114	271	0.6	X
114	272	1.1	X
114	273	1.4	X
114	274	1.7	X
114	275	2.1	X
114	276	2.2	X
114	277	2	X
114	278	1.8	X
114	279	2.3	X
114	280	1.9	X
114	281	2.2	X
114	282	2.2	X
114	283	2.4	X
114	284	2.4	X
114	285	2.7	X
114	286	4.1	X
114	287	4.8	X
114	288	6.1	X
114	289	6.7	X
114	290	6.6	X
114	291	7.3	X
114	292	7.2	X
114	293	7.6	X
114	294	7.5	X
114	295	8.2	X
114	296	7.8	X
114	297	8.1	X
114	298	7.5	X
114	299	7.2	X
114	300	6.5	X
114	301	6.1	X
114	302	5.3	X
114	303	4.4	X
114	304	3.9	X
114	305	3.5	X
114	306	3	X
114	307	2.5	X
114	308	1.8	X
114	309	1.1	X
114	310	0.8	X
114	311	0.4	X
114	312	0.4	X
114	313	0.2	X
114	314	0.1	X
114	315	0.1	X
114	316	0.1	X
114	317	0.2	X
114	318	X	X
115	272	0.9	X
115	273	1.4	X
115	274	1.8	X
115	275	2	X
115	276	2	X
115	277	2.2	X
115	278	2.9	X
115	279	2.2	X
115	280	2.7	X
115	281	2.2	X
115	282	2.6	X
115	284	2.6	X
115	285	2.6	X
115	286	3.6	X
115	287	6	X
115	288	6.9	X
115	289	7.2	X
115	290	7.7	X
115	291	7.8	X
115	292	7.3	X
115	293	7.4	X
115	294	8.1	X
115	295	7.9	X
115	296	8.5	X
115	297	8.4	X
115	298	8.7	X
115	299	8.2	X
115	300	7.7	X
115	301	7.3	X
115	302	7	X
115	303	6	X
115	304	5.7	X
115	305	4.9	X
115	306	4.4	X
115	308	3	X
115	309	2.6	X
115	310	1.9	X
115	311	1.4	X
115	312	1.2	X
115	313	0.7	X
115	314	0.2	X
115	315	0.2	X
115	316	X	X
115	317	X	X
115	318	X	X
116	274	1	X
116	275	1.1	X
116	276	1.5	X
116	277	1.8	X
116	278	1.8	X
116	279	2	X
116	280	1.9	X
116	281	2.3	X
116	282	1.9	X
116	286	3.9	X
116	287	4.9	X
116	288	6	X
116	289	6.8	X
116	290	6.9	X
116	291	7.5	X
116	292	6.5	X
116	293	7	X
116	294	7.2	X
116	295	7.7	X
116	296	7.6	X
116	297	8.2	X
116	298	7.8	X
116	299	8.3	X
116	300	7.7	X
116	301	7.4	X
116	302	6.9	X
116	303	6.1	X
116	304	5.8	X
116	305	5.1	X
116	306	4.5	X
116	310	2.6	X
116	311	1.8	X
116	312	1.8	X
116	313	1.1	X
116	314	0.9	X
116	315	0.3	X
116	316	0.4	X
116	317	X	X
116	318	0.2	X
117	276	1.1	X
117	277	1.4	X
117	278	1.6	X
117	279	1.8	X
117	280	2.1	X
117	281	2	X
117	282	2.5	X
117	288	5.4	X
117	289	6.6	X
117	290	6.5	X
117	291	6.3	X
117	292	6.6	X
117	293	6.8	X
117	294	7.4	X
117	295	7.3	X
117	296	8	X
117	297	7.8	X
117	298	8.4	X
117	299	8.1	X
117	300	8.5	X
117	301	7.9	X
117	302	7.9	X
117	303	7.1	X
117	304	6.5	X
117	305	6.3	X
117	306	5.7	X
117	312	2.1	X
117	313	1.8	X
117	314	1.4	X
117	315	1.4	X
117	316	0.8	X
117	317	0.5	X
117	318	0.3	X
118	278	0.8	X
118	279	1.1	X
118	280	1.4	X
118	281	1.7	X
118	282	1.7	X
118	290	6	X
118	291	7.1	X
118	292	6.8	X
118	293	7.4	X
118	294	6.6	X
118	295	7.1	X
118	296	7	X
118	297	7.6	X
118	298	7.4	X
118	299	7.9	X
118	300	7.7	X
118	301	7.7	X
118	302	7.4	X
118	303	7.1	X
118	304	6.5	X
118	305	5.9	X
118	306	5.6	X
118	314	1.4	X
118	315	0.8	X
118	316	0.5	X
118	317	0.5	X
118	318	0.4	X
119	280	1.1	X
119	281	2	X
119	282	1.7	X
119	292	7.1	X
119	293	7.2	X
119	294	6.8	X
119	295	6.7	X
119	296	7.2	X
119	297	7	X
119	298	7.5	X
119	299	7.4	X
119	300	8	X
119	301	7.7	X
119	302	7.8	X
119	303	7.4	X
119	304	7.3	X
119	305	6.6	X
119	306	6	X
119	316	0.8	X
119	317	0.6	X
119	318	0.4	X
120	282	0.6	X
120	294	5.7	X
120	295	6.1	X
120	296	6.2	X
120	297	6.7	X
120	298	6.6	X
120	299	7.1	X
120	300	6.8	X
120	301	7.2	X
120	302	7.2	X
120	303	7.2	X
120	304	6.8	X
120	305	6.2	X
120	306	5.8	X
120	318	X	X
