#Z	A	Ea	Eb
78	171	11.36	x
78	172	11.73	x
78	173	12.23	x
78	174	12.39	x
78	175	12.52	x
78	176	12.38	x
78	177	12.48	x
78	178	12.82	x
78	179	13.34	x
78	180	13.78	x
78	181	14.43	x
78	182	14.9	x
78	183	15.46	x
78	184	16.09	x
78	185	16.66	x
78	186	17.06	x
78	187	17.59	x
78	188	17.75	x
78	189	18.26	x
78	190	18.8	x
78	191	19.6	x
78	192	20.08	x
78	193	20.84	x
78	194	21.47	x
78	195	22.26	x
78	196	23.01	x
78	197	23.67	x
78	198	24.54	x
78	199	25.52	x
78	200	26.3	x
78	201	27.06	x
78	202	27.51	x
78	203	28.34	x
78	204	28.5	x
78	205	27.64	x
78	206	26.98	x
78	207	25.77	x
78	208	24.77	x
79	171	10.83	x
79	172	10.94	x
79	173	10.94	x
79	174	10.64	x
79	175	11	x
79	176	11.28	x
79	177	11.07	x
79	178	11.23	x
79	179	11.36	x
79	180	11.83	x
79	181	12.28	x
79	182	12.76	x
79	183	13.2	x
79	184	13.84	x
79	185	14.31	x
79	186	15.03	x
79	187	15.33	x
79	188	16.01	x
79	189	16.57	x
79	190	17.16	x
79	191	17.99	x
79	192	18.87	x
79	193	19.26	x
79	194	19.96	x
79	195	20.54	x
79	196	21.47	x
79	197	22.31	x
79	198	23.16	x
79	199	23.97	x
79	200	25.07	x
79	201	25.78	x
79	202	26.53	x
79	203	27.01	x
79	204	27.95	x
79	205	28.03	x
79	206	27.09	x
79	207	26.36	x
79	208	25.36	x
80	171	10.03	x
80	172	9.81	x
80	173	9.79	x
80	174	9.63	x
80	175	9.77	x
80	176	9.62	x
80	177	9.41	x
80	178	9.32	x
80	179	9.68	x
80	180	9.81	x
80	181	10.27	x
80	182	10.85	x
80	183	11.32	x
80	184	11.92	x
80	185	12.43	x
80	186	12.99	x
80	187	13.5	x
80	188	13.98	x
80	189	14.52	x
80	190	15.22	x
80	191	16.02	x
80	192	16.75	x
80	193	17.56	x
80	194	18.1	x
80	195	18.79	x
80	196	19.65	x
80	197	20.48	x
80	198	21.45	x
80	199	22.24	x
80	200	23.23	x
80	201	24.05	x
80	202	24.79	x
80	203	25.55	x
80	204	26.11	x
80	205	27.09	x
80	206	27.21	x
80	207	26.1	x
80	208	25.51	x
80	209	24.37	x
80	210	23.32	x
80	211	22.17	x
80	212	21.27	x
81	173	9.11	x
81	174	8.96	x
81	175	9.13	x
81	176	9.19	x
81	177	9.04	x
81	178	9.01	x
81	179	8.81	x
81	180	8.65	x
81	181	8.86	x
81	182	8.98	x
81	183	9.49	x
81	184	9.87	x
81	185	10.44	x
81	186	10.97	x
81	187	11.48	x
81	188	12.11	x
81	189	12.74	x
81	190	13.49	x
81	191	14.31	x
81	192	15.13	x
81	193	15.99	x
81	194	16.38	x
81	195	17.08	x
81	196	18.04	x
81	197	18.85	x
81	198	19.73	x
81	199	20.63	x
81	200	21.66	x
81	201	22.23	x
81	202	23.29	x
81	203	24.04	x
81	204	24.8	x
81	205	25.49	x
81	206	26.38	x
81	207	26.5	x
81	208	25.55	x
81	209	24.72	x
81	210	23.55	x
81	211	22.42	x
81	212	21.58	x
81	213	20.79	x
81	214	19.97	x
82	175	7.62	x
82	176	7.58	x
82	177	7.74	x
82	178	7.99	x
82	179	8.15	x
82	180	8.47	x
82	181	8.48	x
82	182	8.62	x
82	183	8.65	x
82	184	8.92	x
82	185	9.12	x
82	186	9.61	x
82	187	9.83	x
82	188	10.32	x
82	189	10.63	x
82	190	11.18	x
82	191	11.68	x
82	192	12.85	x
82	193	13.57	x
82	194	14.5	x
82	195	14.77	x
82	196	15.66	x
82	197	16.36	x
82	198	17.28	x
82	199	18.09	x
82	200	18.89	x
82	201	19.67	x
82	202	20.48	x
82	203	20.91	x
82	204	21.91	x
82	205	23.08	x
82	206	23.94	x
82	207	24.76	x
82	208	24.95	x
82	209	23.97	x
82	210	22.91	x
82	211	21.88	x
82	212	20.77	x
82	213	19.87	x
82	214	19.13	x
82	215	18.43	x
82	216	17.95	x
82	217	17.48	x
82	218	16.83	x
83	178	5.33	x
83	179	5.4	x
83	180	5.69	x
83	181	5.73	x
83	182	6.4	x
83	183	6.53	x
83	184	7.16	x
83	185	7.38	x
83	186	7.75	x
83	187	7.75	x
83	188	8.14	x
83	189	8.6	x
83	190	9.15	x
83	191	9.45	x
83	192	9.99	x
83	193	10.59	x
83	194	11.14	x
83	195	11.79	x
83	196	12.31	x
83	197	13.29	x
83	198	14.23	x
83	199	15.22	x
83	200	16.18	x
83	201	16.99	x
83	202	17.9	x
83	203	18.71	x
83	204	19.59	x
83	205	20.47	x
83	206	21.42	x
83	207	22.28	x
83	208	23.23	x
83	209	23.88	x
83	210	22.74	x
83	211	21.76	x
83	212	20.49	x
83	213	19.17	x
83	214	17.89	x
83	215	16.79	x
83	216	16.05	x
83	217	15.65	x
83	218	15.16	x
84	181	3.89	x
84	182	4.35	x
84	183	4.89	x
84	184	5.49	x
84	185	5.93	x
84	186	6.35	x
84	187	6.64	x
84	188	6.92	x
84	189	7.27	x
84	190	7.55	x
84	191	7.89	x
84	192	8.25	x
84	193	8.66	x
84	194	9.46	x
84	195	9.59	x
84	196	10.29	x
84	197	10.66	x
84	198	11.52	x
84	199	12.37	x
84	200	13.31	x
84	201	14.18	x
84	202	15.14	x
84	203	16.15	x
84	204	17.02	x
84	205	18.08	x
84	206	19.02	x
84	207	20.01	x
84	208	20.81	x
84	209	22.24	x
84	210	22.14	x
84	211	21.33	x
84	212	20.27	x
84	213	18.99	x
84	214	17.76	x
84	215	16.47	x
84	216	15.42	x
84	217	14.56	x
84	218	13.85	x
84	219	12.93	x
84	220	12.47	x
85	184	4.12	x
85	185	4.39	x
85	186	4.68	x
85	187	5	x
85	188	5.44	x
85	189	5.56	x
85	190	5.94	x
85	191	6.02	x
85	192	6.76	x
85	193	7.24	x
85	194	7.67	x
85	195	7.96	x
85	196	8.33	x
85	197	8.63	x
85	198	9.1	x
85	199	9.95	x
85	200	10.8	x
85	201	11.73	x
85	202	12.66	x
85	203	13.7	x
85	204	14.72	x
85	205	15.41	x
85	206	16.63	x
85	207	17.46	x
85	208	18.31	x
85	209	19.1	x
85	210	19.99	x
85	211	20.27	x
85	212	19.37	x
85	213	18.56	x
85	214	17.35	x
85	215	16.03	x
85	216	14.99	x
85	217	14.16	x
85	218	13.31	x
85	219	12.46	x
85	220	12.12	x
85	221	11.75	x
85	222	11.64	x
85	223	11.13	x
85	224	11.03	x
86	186	4.19	x
86	187	4.43	x
86	188	4.45	x
86	189	4.62	x
86	190	4.54	x
86	191	4.49	x
86	192	4.63	x
86	193	5.02	x
86	194	5.43	x
86	195	6.05	x
86	196	6.41	x
86	197	6.83	x
86	198	7.4	x
86	199	8.09	x
86	200	8.61	x
86	201	9.39	x
86	202	10.29	x
86	203	11.16	x
86	204	12.1	x
86	205	13.2	x
86	206	14.2	x
86	207	15.14	x
86	208	15.94	x
86	209	16.75	x
86	210	17.61	x
86	211	18.47	x
86	212	18.63	x
86	213	17.65	x
86	214	16.69	x
86	215	15.45	x
86	216	14.24	x
86	217	13.52	x
86	218	12.83	x
86	219	12.02	x
86	220	11.47	x
86	221	11.18	x
86	222	10.82	x
86	223	10.57	x
86	224	10.3	x
86	225	9.72	x
86	226	9.45	x
86	227	9.26	x
86	228	9.04	x
86	229	8.88	x
86	230	8.81	x
86	231	8.81	x
86	232	8.82	x
87	189	4.24	x
87	190	4.44	x
87	191	4.33	x
87	192	4.43	x
87	193	4.38	x
87	194	4.35	x
87	195	4.48	x
87	196	4.58	x
87	197	5.18	x
87	198	5.82	x
87	199	6.39	x
87	200	7.1	x
87	201	7.62	x
87	202	8.33	x
87	203	8.92	x
87	204	9.64	x
87	205	10.94	x
87	206	11.98	x
87	207	12.85	x
87	208	13.71	x
87	209	14.6	x
87	210	15.4	x
87	211	16.02	x
87	212	16.72	x
87	213	16.66	x
87	214	15.65	x
87	215	14.81	x
87	216	13.46	x
87	217	12.74	x
87	218	12.4	x
87	219	11.57	x
87	220	11.33	x
87	221	10.81	x
87	222	10.47	x
87	223	10.02	x
87	224	9.64	x
87	225	9.22	x
87	226	9.02	x
87	227	8.61	x
87	228	8.36	x
87	229	8.12	x
87	230	8.04	x
87	231	7.96	x
87	232	8.01	x
87	233	7.92	x
87	234	8.09	x
88	192	3.92	x
88	193	3.77	x
88	194	3.76	x
88	195	3.46	x
88	196	3.72	x
88	197	4.12	x
88	198	3.99	x
88	199	4.63	x
88	200	5.12	x
88	201	5.85	x
88	202	6.26	x
88	203	6.89	x
88	204	7.49	x
88	205	8.51	x
88	206	9.75	x
88	207	10.82	x
88	208	11.7	x
88	209	12.54	x
88	210	13.26	x
88	211	14	x
88	212	14.4	x
88	213	15.11	x
88	214	14.94	x
88	215	13.93	x
88	216	13.01	x
88	217	11.8	x
88	218	11.25	x
88	219	10.81	x
88	220	10.25	x
88	221	10.03	x
88	222	9.57	x
88	223	9.2	x
88	224	8.78	x
88	225	8.4	x
88	226	8.23	x
88	227	8.02	x
88	228	7.61	x
88	229	7.31	x
88	230	7.04	x
88	231	7.01	x
88	232	6.94	x
88	233	6.97	x
88	234	6.9	x
88	235	7.16	x
88	236	7.33	x
89	195	3.4	x
89	196	3.29	x
89	197	3.24	x
89	198	3.44	x
89	199	3.45	x
89	200	3.64	x
89	201	4.05	x
89	202	4.81	x
89	203	5.19	x
89	204	5.72	x
89	205	6.49	x
89	206	7.42	x
89	207	8.46	x
89	208	9.5	x
89	209	10.58	x
89	210	11.31	x
89	211	12.03	x
89	212	12.65	x
89	213	12.99	x
89	214	13.52	x
89	215	13.36	x
89	216	12.19	x
89	217	11.08	x
89	218	10.4	x
89	219	10.03	x
89	220	9.71	x
89	221	9.34	x
89	222	9.13	x
89	223	8.69	x
89	224	8.5	x
89	225	8.05	x
89	226	7.71	x
89	227	7.53	x
89	228	7.24	x
89	229	6.68	x
89	230	6.49	x
89	231	6.24	x
89	232	6.19	x
89	233	6.08	x
89	234	6.16	x
89	235	6.27	x
89	236	6.89	x
89	237	7.08	x
89	238	7.61	x
90	198	2.53	x
90	199	2.77	x
90	200	2.69	x
90	201	2.89	x
90	202	2.86	x
90	203	3.61	x
90	204	3.85	x
90	205	4.79	x
90	206	5.44	x
90	207	6.43	x
90	208	7.57	x
90	209	8.55	x
90	210	9.39	x
90	211	10.11	x
90	212	10.66	x
90	213	11.34	x
90	214	11.68	x
90	215	12.34	x
90	216	12.17	x
90	217	11.02	x
90	218	9.99	x
90	219	9.17	x
90	220	8.45	x
90	221	8.27	x
90	222	7.99	x
90	223	8.2	x
90	224	7.85	x
90	225	7.59	x
90	226	7.2	x
90	227	6.98	x
90	228	6.52	x
90	229	6.06	x
90	230	5.66	x
90	231	5.55	x
90	232	5.44	x
90	233	5.47	x
90	234	5.38	x
90	235	5.8	x
90	236	6.04	x
90	237	6.64	x
90	238	6.84	x
90	239	7.35	x
90	240	7.53	x
91	200	2.18	x
91	201	2.08	x
91	202	2.06	x
91	203	2.08	x
91	204	2.64	x
91	205	3.04	x
91	206	4.01	x
91	207	4.74	x
91	208	5.62	x
91	209	6.55	x
91	210	7.44	x
91	211	8.19	x
91	212	8.97	x
91	213	9.33	x
91	214	9.97	x
91	215	10.35	x
91	216	10.93	x
91	217	10.81	x
91	218	9.68	x
91	219	8.6	x
91	220	8.2	x
91	221	7.55	x
91	222	6.93	x
91	223	6.91	x
91	224	7.03	x
91	225	6.84	x
91	226	6.91	x
91	227	6.51	x
91	228	6.26	x
91	229	5.59	x
91	230	5.28	x
91	231	4.99	x
91	232	4.97	x
91	233	4.99	x
91	234	5.13	x
91	235	5.33	x
91	236	5.76	x
91	237	5.99	x
91	238	6.57	x
91	239	6.72	x
91	240	7.27	x
91	241	7.43	x
91	242	7.87	x
92	203	1.21	x
92	204	1.14	x
92	205	1.74	x
92	206	2.27	x
92	207	3.24	x
92	208	3.84	x
92	209	4.59	x
92	210	5.44	x
92	211	6.51	x
92	212	7.18	x
92	213	7.85	x
92	214	8.3	x
92	215	8.82	x
92	216	9.25	x
92	217	9.78	x
92	218	9.67	x
92	219	8.54	x
92	220	7.62	x
92	221	7.06	x
92	222	6.46	x
92	223	5.87	x
92	224	5.65	x
92	225	5.81	x
92	226	5.59	x
92	227	5.48	x
92	228	5.13	x
92	229	4.94	x
92	230	4.28	x
92	231	4.46	x
92	232	4.72	x
92	233	4.79	x
92	234	4.89	x
92	235	4.87	x
92	236	5.03	x
92	237	5.43	x
92	238	5.63	x
92	239	6.21	x
92	240	6.38	x
92	241	6.93	x
92	242	7.1	x
92	243	7.5	x
92	244	7.46	x
92	245	7.39	x
92	246	7.21	x
93	206	1.16	x
93	207	1.66	x
93	208	2.52	x
93	209	3.05	x
93	210	3.72	x
93	211	4.49	x
93	212	5.21	x
93	213	6.09	x
93	214	6.67	x
93	215	7	x
93	216	7.52	x
93	217	7.83	x
93	218	8.28	x
93	219	8.26	x
93	220	7.32	x
93	221	6.47	x
93	222	6.01	x
93	223	5.28	x
93	224	4.96	x
93	225	4.43	x
93	226	4.17	x
93	227	3.78	x
93	228	3.7	x
93	229	3.81	x
93	230	3.81	x
93	231	3.81	x
93	232	4.14	x
93	233	4.37	x
93	234	4.63	x
93	235	4.83	x
93	236	4.81	x
93	237	4.94	x
93	238	5.36	x
93	239	5.57	x
93	240	6.01	x
93	241	6.15	x
93	242	6.76	x
93	243	6.87	x
93	244	7.35	x
93	245	7.27	x
93	246	7.39	x
94	209	1.72	x
94	210	2.25	x
94	211	3.05	x
94	212	3.59	x
94	213	4.39	x
94	214	5.09	x
94	215	5.7	x
94	216	6.01	x
94	217	6.45	x
94	218	6.78	x
94	219	7.28	x
94	220	7.34	x
94	221	6.44	x
94	222	5.62	x
94	223	5.07	x
94	224	4.47	x
94	225	4.24	x
94	226	3.74	x
94	227	3.43	x
94	228	2.93	x
94	229	2.95	x
94	230	3.07	x
94	231	3.05	x
94	232	3.23	x
94	233	3.5	x
94	234	3.83	x
94	235	4.09	x
94	236	4.49	x
94	237	5	x
94	238	5.26	x
94	239	5.74	x
94	240	5.98	x
94	241	6.35	x
94	242	6.41	x
94	243	6.66	x
94	244	6.59	x
94	245	6.93	x
94	246	7.07	x
94	247	7.12	x
94	248	6.8	x
94	249	6.59	x
94	250	6.17	x
95	212	2.4	x
95	213	3.13	x
95	214	3.57	x
95	215	4.03	x
95	216	4.56	x
95	217	4.81	x
95	218	5.32	x
95	219	5.6	x
95	220	6.19	x
95	221	6.23	x
95	222	5.46	x
95	223	4.74	x
95	224	4.33	x
95	225	3.8	x
95	226	3.61	x
95	227	2.91	x
95	228	2.71	x
95	229	2.5	x
95	230	2.46	x
95	231	2.51	x
95	232	2.65	x
95	233	2.79	x
95	234	3.27	x
95	235	3.8	x
95	236	4.33	x
95	237	4.8	x
95	238	5.34	x
95	239	5.66	x
95	240	6.12	x
95	241	6.34	x
95	242	6.72	x
95	243	6.8	x
95	244	6.99	x
95	245	6.8	x
95	246	6.88	x
95	247	6.83	x
95	248	6.91	x
95	249	6.59	x
95	250	6.37	x
96	215	3.04	x
96	216	3.31	x
96	217	3.78	x
96	218	4.09	x
96	219	4.59	x
96	220	4.99	x
96	221	5.62	x
96	222	5.64	x
96	223	4.85	x
96	224	4.16	x
96	225	3.69	x
96	226	3.02	x
96	227	2.68	x
96	228	2.11	x
96	229	1.99	x
96	230	1.87	x
96	231	2	x
96	232	2.1	x
96	233	2.24	x
96	234	2.61	x
96	235	3.23	x
96	236	3.81	x
96	237	4.34	x
96	238	4.92	x
96	239	5.48	x
96	240	5.85	x
96	241	6.32	x
96	242	6.56	x
96	243	6.97	x
96	244	6.92	x
96	245	7.13	x
96	246	7.02	x
96	247	7.11	x
96	248	6.8	x
96	249	6.56	x
96	250	6.25	x
96	251	6.09	x
96	252	5.68	x
96	253	5.57	x
96	254	5.2	x
97	218	2.9	x
97	219	3.16	x
97	220	3.65	x
97	221	3.93	x
97	222	4.49	x
97	223	4.66	x
97	224	3.98	x
97	225	3.44	x
97	226	2.84	x
97	227	2.17	x
97	228	2.17	x
97	229	1.93	x
97	230	1.72	x
97	231	1.64	x
97	232	1.81	x
97	233	1.94	x
97	234	2.27	x
97	235	2.71	x
97	236	3.37	x
97	237	3.99	x
97	238	4.55	x
97	239	5.16	x
97	240	5.76	x
97	241	6.14	x
97	242	6.63	x
97	243	6.91	x
97	244	7.28	x
97	245	7.22	x
97	246	7.32	x
97	247	7.18	x
97	248	7.27	x
97	249	7	x
97	250	6.59	x
97	251	6.21	x
97	252	6.01	x
97	253	5.59	x
97	254	5.5	x
97	255	5.1	x
98	221	3.09	x
98	222	3.39	x
98	223	3.89	x
98	224	4.04	x
98	225	3.41	x
98	226	2.65	x
98	227	1.99	x
98	228	1.39	x
98	229	1.58	x
98	230	1.58	x
98	231	1.67	x
98	232	1.57	x
98	233	1.5	x
98	234	1.64	x
98	235	2.1	x
98	236	2.69	x
98	237	3.34	x
98	238	4.01	x
98	239	4.64	x
98	240	5.22	x
98	241	5.83	x
98	242	6.16	x
98	243	6.55	x
98	244	6.69	x
98	245	6.99	x
98	246	7.16	x
98	247	7.35	x
98	248	7.24	x
98	249	7.31	x
98	250	7.09	x
98	251	6.64	x
98	252	6.07	x
98	253	5.62	x
98	254	5.27	x
98	255	5.21	x
98	256	4.82	x
98	257	4.56	x
98	258	4.43	x
98	259	4.57	x
98	260	4.64	x
99	224	2.29	x
99	225	2.51	x
99	226	1.8	x
99	227	0.98	x
99	228	1.01	x
99	229	0.7	x
99	230	1.3	x
99	231	1.3	x
99	232	1.44	x
99	233	1.46	x
99	234	1.56	x
99	235	1.83	x
99	236	2.38	x
99	237	2.96	x
99	238	3.59	x
99	239	4.32	x
99	240	4.95	x
99	241	5.32	x
99	242	5.7	x
99	243	5.98	x
99	244	6.28	x
99	245	6.53	x
99	246	6.9	x
99	247	7.07	x
99	248	7.44	x
99	249	7.38	x
99	250	7.48	x
99	251	7.24	x
99	252	6.79	x
99	253	6.22	x
99	254	5.67	x
99	255	5.05	x
99	256	5.01	x
99	257	4.5	x
99	258	4.32	x
99	259	4.43	x
99	260	4.64	x
100	226	2.84	x
100	227	2.08	x
100	228	0.8	x
100	229	0.9	x
100	230	0.79	x
100	231	0.85	x
100	232	1.25	x
100	233	1.39	x
100	234	1.46	x
100	235	1.56	x
100	236	1.87	x
100	237	2.39	x
100	238	2.88	x
100	239	3.49	x
100	240	4.14	x
100	241	4.5	x
100	242	4.88	x
100	243	5.29	x
100	244	5.57	x
100	245	5.94	x
100	246	6.13	x
100	247	6.48	x
100	248	6.73	x
100	249	7.12	x
100	250	7.22	x
100	251	7.38	x
100	252	7.16	x
100	253	6.74	x
100	254	6.24	x
100	255	5.72	x
100	256	5.11	x
100	257	4.75	x
100	258	4.52	x
100	259	4.54	x
100	260	4.62	x
100	261	4.68	x
100	262	4.82	x
100	263	4.75	x
100	264	4.49	x
100	265	4.23	x
100	266	3.94	x
101	229	0.7	x
101	230	0.84	x
101	231	0.74	x
101	232	0.89	x
101	233	1.03	x
101	234	1.3	x
101	235	1.57	x
101	236	1.72	x
101	237	2.01	x
101	238	2.49	x
101	239	2.86	x
101	240	3.25	x
101	241	3.64	x
101	242	4.09	x
101	243	4.46	x
101	244	4.8	x
101	245	5.11	x
101	246	5.47	x
101	247	5.74	x
101	248	6.03	x
101	249	6.24	x
101	250	6.7	x
101	251	6.98	x
101	252	7.23	x
101	253	7.01	x
101	254	6.61	x
101	255	6.13	x
101	256	5.69	x
101	257	5.09	x
101	258	4.84	x
101	259	4.67	x
101	260	4.92	x
101	261	4.99	x
101	262	5.05	x
101	263	5.12	x
101	264	4.89	x
101	265	4.59	x
101	266	4.31	x
101	267	3.99	x
101	268	3.75	x
102	232	0.83	x
102	233	0.75	x
102	234	0.97	x
102	235	1.03	x
102	236	1.27	x
102	237	1.59	x
102	238	2.05	x
102	239	2.35	x
102	240	2.55	x
102	241	2.82	x
102	242	3.18	x
102	243	3.58	x
102	244	3.94	x
102	245	4.32	x
102	246	4.62	x
102	247	4.98	x
102	248	5.24	x
102	249	5.61	x
102	250	5.83	x
102	251	6.25	x
102	252	6.5	x
102	253	6.93	x
102	254	6.76	x
102	255	6.38	x
102	256	5.94	x
102	257	5.52	x
102	258	4.98	x
102	259	5	x
102	260	4.93	x
102	261	5.26	x
102	262	5.11	x
102	263	5.26	x
102	264	5.36	x
102	265	5.4	x
102	266	5.01	x
102	267	4.72	x
102	268	4.19	x
103	235	1.07	x
103	236	1.18	x
103	237	1.44	x
103	238	1.75	x
103	239	1.95	x
103	240	2.12	x
103	241	2.28	x
103	242	2.46	x
103	243	2.79	x
103	244	3.18	x
103	245	3.49	x
103	246	3.89	x
103	247	4.19	x
103	248	4.5	x
103	249	4.81	x
103	250	5.26	x
103	251	5.55	x
103	252	5.97	x
103	253	6.27	x
103	254	6.7	x
103	255	6.6	x
103	256	6.27	x
103	257	5.9	x
103	258	5.52	x
103	259	5.21	x
103	260	5.39	x
103	261	5.37	x
103	262	5.52	x
103	263	5.48	x
103	264	5.73	x
103	265	5.97	x
103	266	6.03	x
103	267	5.63	x
103	268	5.22	x
103	269	4.81	x
103	270	4.36	x
104	238	1.11	x
104	239	1.28	x
104	240	1.53	x
104	241	1.67	x
104	242	1.82	x
104	243	2.01	x
104	244	2.28	x
104	245	2.54	x
104	246	2.95	x
104	247	3.33	x
104	248	3.64	x
104	249	3.95	x
104	250	4.36	x
104	251	4.76	x
104	252	5.09	x
104	253	5.53	x
104	254	5.87	x
104	255	6.24	x
104	256	6.26	x
104	257	6.02	x
104	258	5.65	x
104	259	5.49	x
104	260	5.36	x
104	261	5.56	x
104	262	5.59	x
104	263	5.61	x
104	264	5.79	x
104	265	6.27	x
104	266	6.43	x
104	267	6.43	x
104	268	6.03	x
104	269	5.6	x
104	270	5.1	x
104	271	4.72	x
104	272	4.28	x
105	241	1.31	x
105	242	1.44	x
105	243	1.55	x
105	244	1.68	x
105	245	1.94	x
105	246	2.18	x
105	247	2.59	x
105	248	2.88	x
105	249	3.21	x
105	250	3.53	x
105	251	4.01	x
105	252	4.44	x
105	253	4.81	x
105	254	5.26	x
105	255	5.67	x
105	256	6.05	x
105	257	6.22	x
105	258	6.01	x
105	259	5.76	x
105	260	5.81	x
105	261	5.76	x
105	262	5.94	x
105	263	5.9	x
105	264	6.08	x
105	265	6.36	x
105	266	6.8	x
105	267	6.99	x
105	268	7	x
105	269	6.59	x
105	270	6.13	x
105	271	5.62	x
105	272	5.18	x
106	244	1.15	x
106	245	1.27	x
106	246	1.44	x
106	247	1.73	x
106	248	2.11	x
106	249	2.38	x
106	250	2.67	x
106	251	3.16	x
106	252	3.59	x
106	253	4.02	x
106	254	4.44	x
106	255	4.86	x
106	256	5.3	x
106	257	5.7	x
106	258	5.93	x
106	259	5.82	x
106	260	5.84	x
106	261	5.88	x
106	262	5.91	x
106	263	6.17	x
106	264	5.98	x
106	265	6.27	x
106	266	6.69	x
106	267	7.08	x
106	268	7.29	x
106	269	7.3	x
106	270	6.92	x
106	271	6.48	x
106	272	5.94	x
106	273	5.48	x
106	274	4.96	x
106	275	4.7	x
106	276	4.39	x
107	247	1.13	x
107	248	1.33	x
107	249	1.7	x
107	250	1.91	x
107	251	2.45	x
107	252	2.88	x
107	253	3.27	x
107	254	3.74	x
107	255	4.1	x
107	256	4.54	x
107	257	5	x
107	258	5.41	x
107	259	5.66	x
107	260	5.87	x
107	261	6.01	x
107	262	6.2	x
107	263	6.2	x
107	264	6.39	x
107	265	6.34	x
107	266	6.71	x
107	267	6.97	x
107	268	7.2	x
107	269	7.6	x
107	270	7.69	x
107	271	7.39	x
107	272	6.94	x
107	273	6.38	x
107	274	5.93	x
107	275	5.3	x
107	276	5.13	x
107	277	4.8	x
107	278	4.82	x
108	250	1.02	x
108	251	1.55	x
108	252	1.97	x
108	253	2.39	x
108	254	2.82	x
108	255	3.22	x
108	256	3.64	x
108	257	4.01	x
108	258	4.54	x
108	259	4.93	x
108	260	5.39	x
108	261	5.65	x
108	262	5.88	x
108	263	6.01	x
108	264	6.13	x
108	265	6.26	x
108	266	6.26	x
108	267	6.47	x
108	268	6.59	x
108	269	7.04	x
108	270	7.37	x
108	271	7.49	x
108	272	7.3	x
108	273	6.93	x
108	274	6.45	x
108	275	6.08	x
108	276	5.52	x
108	277	5.68	x
108	278	5.5	x
108	279	5.18	x
108	280	5.27	x
108	281	5.62	x
108	282	5.51	x
109	253	1.59	x
109	254	1.96	x
109	255	2.37	x
109	256	2.76	x
109	257	3.22	x
109	258	3.58	x
109	259	4.2	x
109	260	4.65	x
109	261	5.13	x
109	262	5.48	x
109	263	5.7	x
109	264	5.91	x
109	265	5.88	x
109	266	5.88	x
109	267	6.04	x
109	268	6.28	x
109	269	6.7	x
109	270	7.14	x
109	271	7.49	x
109	272	7.68	x
109	273	7.41	x
109	274	7.11	x
109	275	6.59	x
109	276	6.16	x
109	277	5.63	x
109	278	5.44	x
109	279	5.31	x
109	280	5.47	x
109	281	5.48	x
109	282	5.79	x
109	283	5.88	x
109	284	6.3	x
110	256	1.76	x
110	257	2.12	x
110	258	2.68	x
110	259	3.15	x
110	260	3.7	x
110	261	4.17	x
110	262	4.68	x
110	263	4.99	x
110	264	5.27	x
110	265	5.35	x
110	266	5.34	x
110	267	5.47	x
110	268	5.48	x
110	269	5.95	x
110	270	6.45	x
110	271	6.92	x
110	272	7.31	x
110	273	7.48	x
110	274	7.27	x
110	275	6.9	x
110	276	6.49	x
110	277	6.09	x
110	278	5.59	x
110	279	5.64	x
110	280	5.69	x
110	281	5.86	x
110	282	5.94	x
110	283	6.46	x
110	284	6.7	x
110	285	7.25	x
110	286	7.26	x
110	287	7.45	x
110	288	7.45	x
111	259	2.32	x
111	260	2.71	x
111	261	3.2	x
111	262	3.62	x
111	263	4.21	x
111	264	4.42	x
111	265	4.75	x
111	266	4.72	x
111	267	4.8	x
111	268	4.88	x
111	269	5.1	x
111	270	5.7	x
111	271	6.13	x
111	272	6.62	x
111	273	6.96	x
111	274	7.2	x
111	275	7.01	x
111	276	6.71	x
111	277	6.37	x
111	278	6.06	x
111	279	5.7	x
111	280	6.01	x
111	281	6.03	x
111	282	6.37	x
111	283	6.64	x
111	284	7.26	x
111	285	7.55	x
111	286	8.06	x
111	287	7.87	x
111	288	7.9	x
112	262	2.65	x
112	263	3.15	x
112	264	3.61	x
112	265	3.79	x
112	266	4.05	x
112	267	4.11	x
112	268	4.06	x
112	269	4.25	x
112	270	4.72	x
112	271	5.18	x
112	272	5.63	x
112	273	6.1	x
112	274	6.51	x
112	275	6.71	x
112	276	6.59	x
112	277	6.36	x
112	278	5.99	x
112	279	5.78	x
112	280	5.89	x
112	281	6.25	x
112	282	6.51	x
112	283	6.99	x
112	284	7.41	x
112	285	8	x
112	286	8.24	x
112	287	8.4	x
112	288	8.53	x
113	266	3.06	x
113	267	3.25	x
113	268	3.25	x
113	269	3.38	x
113	270	3.8	x
113	271	4.26	x
113	272	4.77	x
113	273	5.22	x
113	274	5.7	x
113	275	6.09	x
113	276	6.38	x
113	277	6.31	x
113	278	6.06	x
113	279	6.12	x
113	280	6.41	x
113	281	6.66	x
113	282	6.98	x
113	283	7.35	x
113	284	7.93	x
113	285	8.33	x
113	286	8.72	x
113	287	8.75	x
113	288	8.92	x
114	269	2.76	x
114	270	2.97	x
114	271	3.37	x
114	272	3.79	x
114	273	4.26	x
114	274	4.69	x
114	275	5.15	x
114	276	5.53	x
114	277	5.85	x
114	278	6.55	x
114	279	6.97	x
114	280	7.13	x
114	281	7.18	x
114	282	7.33	x
114	283	7.65	x
114	284	8.09	x
114	285	8.82	x
114	286	9	x
114	287	9.23	x
114	288	9.18	x
114	289	9.61	x
114	290	9.89	x
114	291	9.97	x
114	292	9.98	x
115	272	3.08	x
115	273	3.47	x
115	274	3.86	x
115	275	4.29	x
115	276	4.75	x
115	277	5.2	x
115	278	5.61	x
115	279	6.51	x
115	280	6.7	x
115	281	6.82	x
115	282	7.18	x
115	283	7.6	x
115	284	8.18	x
115	285	8.58	x
115	286	8.96	x
115	287	9.2	x
115	288	9.42	x
115	289	9.29	x
115	290	9.53	x
115	291	9.6	x
115	292	9.76	x
116	275	3.32	x
116	276	3.79	x
116	277	4.25	x
116	278	4.91	x
116	279	5.35	x
116	280	6.21	x
116	281	6.41	x
116	282	6.66	x
116	283	7.16	x
116	284	7.65	x
116	285	8.23	x
116	286	8.47	x
116	287	8.76	x
116	288	9.02	x
116	289	8.95	x
116	290	8.94	x
116	291	9.08	x
116	292	9.26	x
116	293	9.35	x
116	294	9.46	x
116	295	9.49	x
116	296	9.1	x
117	278	4.14	x
117	279	4.83	x
117	280	5.21	x
117	281	6.01	x
117	282	6.3	x
117	283	6.69	x
117	284	7.27	x
117	285	7.79	x
117	286	8.34	x
117	287	8.7	x
117	288	8.57	x
117	289	8.61	x
117	290	8.9	x
117	291	8.88	x
117	292	8.99	x
117	293	8.96	x
117	294	9.04	x
117	295	9.06	x
117	296	9.17	x
118	281	4.73	x
118	282	5.49	x
118	283	5.88	x
118	284	6.31	x
118	285	6.85	x
118	286	7.37	x
118	287	8.12	x
118	288	8.32	x
118	289	8.85	x
118	290	8.39	x
118	291	8.41	x
118	292	8.41	x
118	293	8.53	x
118	294	8.48	x
118	295	8.46	x
118	296	8.36	x
118	297	8.49	x
118	298	8.05	x
118	299	7.76	x
118	300	7.15	x
119	284	5.51	x
119	285	6.19	x
119	286	6.7	x
119	287	7.34	x
119	288	7.9	x
119	289	8.06	x
119	290	7.62	x
119	291	7.8	x
119	292	8.05	x
119	293	8.12	x
119	294	8.29	x
119	295	8.06	x
119	296	8.07	x
119	297	7.94	x
119	298	8.1	x
119	299	7.72	x
119	300	7.37	x
120	287	6.35	x
120	288	6.85	x
120	289	7.35	x
120	290	7.7	x
120	291	8.26	x
120	292	7.36	x
120	293	7.44	x
120	294	7.57	x
120	295	7.71	x
120	296	7.69	x
120	297	7.54	x
120	298	7.33	x
120	299	7.48	x
120	300	7.01	x
120	301	6.68	x
120	302	6.07	x
120	303	5.55	x
120	304	4.86	x
121	290	7.07	x
121	291	6.46	x
121	292	6.82	x
121	293	6.89	x
121	294	7.31	x
121	295	7.03	x
121	296	7.19	x
121	297	7.16	x
121	298	7.05	x
121	299	6.99	x
121	300	7.1	x
121	301	6.66	x
121	302	6.31	x
121	303	5.64	x
121	304	5.11	x
122	294	6.32	x
122	295	6.54	x
122	296	6.53	x
122	297	6.31	x
122	298	6.33	x
122	299	6.28	x
122	300	6.19	x
122	301	6.23	x
122	302	5.6	x
122	303	5.51	x
122	304	4.87	x
122	305	4.33	x
122	306	3.62	x
122	307	2.6	x
122	308	1.82	x
123	297	6.09	x
123	298	5.84	x
123	299	5.6	x
123	300	5.54	x
123	301	5.45	x
123	302	5.45	x
123	303	5.01	x
123	304	4.93	x
123	305	4.25	x
123	306	3.69	x
123	307	2.95	x
123	308	1.94	x
124	300	5.64	x
124	301	5.77	x
124	302	5.63	x
124	303	5.45	x
124	304	4.12	x
124	305	3.9	x
124	306	3.32	x
124	307	2.74	x
124	308	2.01	x
124	309	1.85	x
124	310	1.75	x
124	311	1.74	x
124	312	1.66	x
125	303	5.64	x
125	304	5.45	x
125	305	4.93	x
125	306	4.44	x
125	307	3.71	x
125	308	1.81	x
125	309	1.08	x
125	310	1.96	x
125	311	1.8	x
125	312	1.98	x
